# LED 1833K-2877K
# average spectrum 
# W	S
300	0.000582667
301	0.000331748
302	0.001169847
303	0.001458405
304	0.000973648
305	0.00042055
306	0.001219035
307	0.000833123
308	0.000293735
309	0.000084642
310	0.000585291
311	0.000274739
312	0.001509171
313	0.000512183
314	0.000832538
315	0.000475709
316	0.001773157
317	0.000962841
318	0.000483419
319	0.000404405
320	0.000176257
321	0.000805555
322	0.000824011
323	2.23367E-05
324	0.001067196
325	0.000510715
326	0.001674223
327	0.000577873
328	0.001207905
329	0.000872897
330	0.000428197
331	8.98907E-05
332	0.000880497
333	0.000753656
334	0.000614047
335	0.000737626
336	0.000512146
337	0.000017892
338	0.000853409
339	0.000762778
340	0.000178749
341	0.000507652
342	0.000015508
343	0.000152562
344	0.00018469
345	0.000445926
346	0.000605603
347	0.000401281
348	0.000148215
349	0.000281399
350	0.000358274
351	6.30507E-05
352	0.000501737
353	0.000078632
354	9.02633E-05
355	0.000420221
356	0.000524865
357	0.00088634
358	0.000321289
359	0.000119268
360	0.000480251
361	0.000535978
362	0.000305988
363	0.000567848
364	0.000146591
365	0.000163743
366	0.000326096
367	0.000421644
368	0.000082426
369	0.000204119
370	0.000647631
371	0.000546181
372	0.000162287
373	0.000258097
374	0.000468739
375	0.000366973
376	0.000107597
377	0.000254843
378	0.000260605
379	0.00002315
380	0.000472653
381	0.000272497
382	0.000251438
383	0.000258674
384	0.000462516
385	0.00008355
386	0.000220102
387	0.000150355
388	0.000389569
389	0.000336673
390	0.000322678
391	0.001070881
392	0.000517679
393	0.000329238
394	0.000309663
395	0.000350624
396	0.000239025
397	0.000754274
398	0.000414336
399	0.000163536
400	0.00044614
401	0.000493355
402	0.000548983
403	0.000662191
404	0.001188687
405	0.001070912
406	0.001127968
407	0.001169868
408	0.00154595
409	0.001874129
410	0.002212619
411	0.002719745
412	0.003967857
413	0.003886575
414	0.00465573
415	0.005529119
416	0.006284753
417	0.008200285
418	0.009091214
419	0.011042611
420	0.012598876
421	0.014648052
422	0.016586441
423	0.020196078
424	0.021746853
425	0.024921175
426	0.028447905
427	0.032211487
428	0.035235756
429	0.040468241
430	0.045235039
431	0.050574456
432	0.055860414
433	0.062316841
434	0.069973891
435	0.076898277
436	0.086004071
437	0.093697399
438	0.10480891
439	0.116165001
440	0.127944673
441	0.141707393
442	0.155079797
443	0.172663527
444	0.187720327
445	0.206618461
446	0.223977523
447	0.241037106
448	0.258384763
449	0.279248793
450	0.284911201
451	0.294801554
452	0.30071148
453	0.302581859
454	0.299495865
455	0.295357459
456	0.287188793
457	0.277158175
458	0.268396833
459	0.257250003
460	0.247660001
461	0.23820839
462	0.226978743
463	0.215026529
464	0.2110556
465	0.203397367
466	0.194639686
467	0.189338013
468	0.185421847
469	0.177580985
470	0.173274975
471	0.168876152
472	0.163859851
473	0.158407469
474	0.152798601
475	0.149787876
476	0.144344205
477	0.142104611
478	0.137142965
479	0.13661501
480	0.134653577
481	0.134836935
482	0.133572437
483	0.135123937
484	0.13619145
485	0.138341955
486	0.14085611
487	0.142561713
488	0.145473171
489	0.148064077
490	0.151668998
491	0.155821687
492	0.160181939
493	0.164930664
494	0.170294985
495	0.175590429
496	0.181162286
497	0.188075829
498	0.193936848
499	0.199804433
500	0.206007198
501	0.214160505
502	0.220904226
503	0.228702353
504	0.234512455
505	0.241347105
506	0.247315419
507	0.255082029
508	0.261864767
509	0.26893121
510	0.275459531
511	0.284420749
512	0.290948868
513	0.295268613
514	0.304039156
515	0.31080963
516	0.316306181
517	0.320674142
518	0.326006379
519	0.329995181
520	0.335961067
521	0.339467085
522	0.345483817
523	0.351655946
524	0.359246823
525	0.362476133
526	0.368512592
527	0.373980963
528	0.379223559
529	0.386128998
530	0.389967287
531	0.393807408
532	0.398138171
533	0.401835278
534	0.405837633
535	0.411733387
536	0.417056
537	0.421844215
538	0.427972043
539	0.432976653
540	0.438258735
541	0.447719741
542	0.452358621
543	0.459585415
544	0.463247388
545	0.47024482
546	0.475094395
547	0.482642899
548	0.490129087
549	0.495200715
550	0.503463159
551	0.513212864
552	0.520853733
553	0.529842554
554	0.537477816
555	0.546006909
556	0.558318163
557	0.568194663
558	0.579555306
559	0.58720957
560	0.597011284
561	0.608034521
562	0.615156596
563	0.623107453
564	0.631495026
565	0.641243243
566	0.653528475
567	0.663583078
568	0.671832697
569	0.682937967
570	0.688934887
571	0.699323792
572	0.711293692
573	0.719686629
574	0.728975775
575	0.738538252
576	0.748435969
577	0.759169259
578	0.76850289
579	0.776442767
580	0.786555287
581	0.797866683
582	0.808363033
583	0.820862553
584	0.833885987
585	0.846840964
586	0.855331831
587	0.863991331
588	0.871131954
589	0.876612276
590	0.885612772
591	0.894577821
592	0.899979705
593	0.908130777
594	0.913389917
595	0.921258878
596	0.925566852
597	0.9299576
598	0.936731279
599	0.944616935
600	0.953004781
601	0.953870346
602	0.962462541
603	0.967377739
604	0.968160004
605	0.96296946
606	0.963978161
607	0.95990804
608	0.958820865
609	0.957691936
610	0.957724969
611	0.958308235
612	0.952242301
613	0.952329289
614	0.952824509
615	0.957048524
616	0.955427501
617	0.957196622
618	0.961491556
619	0.956783179
620	0.953356181
621	0.941932157
622	0.936152106
623	0.932172823
624	0.923071457
625	0.91873344
626	0.911228175
627	0.905015539
628	0.898247666
629	0.887643565
630	0.879108106
631	0.870147215
632	0.857724433
633	0.850804779
634	0.843869999
635	0.83396348
636	0.821210859
637	0.811776901
638	0.803099573
639	0.789513553
640	0.779469299
641	0.770150351
642	0.761040883
643	0.746996445
644	0.738513534
645	0.726086018
646	0.716271241
647	0.704375991
648	0.693100727
649	0.686903825
650	0.670867011
651	0.659396223
652	0.648715813
653	0.634334353
654	0.624333573
655	0.611426971
656	0.599897692
657	0.588106695
658	0.576651885
659	0.56720291
660	0.555156664
661	0.545001951
662	0.535730917
663	0.522406349
664	0.509732101
665	0.501115235
666	0.488511367
667	0.479988718
668	0.466555899
669	0.45863953
670	0.450399243
671	0.441215827
672	0.430719374
673	0.423084009
674	0.409662407
675	0.401320312
676	0.392637637
677	0.383520606
678	0.373707406
679	0.365370237
680	0.357756393
681	0.347620763
682	0.338699918
683	0.331118973
684	0.321939677
685	0.315837068
686	0.307328169
687	0.300413681
688	0.291420136
689	0.282990309
690	0.276063763
691	0.270070038
692	0.265979732
693	0.257249591
694	0.251550505
695	0.244849251
696	0.238430244
697	0.231392089
698	0.223996571
699	0.219634278
700	0.21556226
701	0.211050231
702	0.204316807
703	0.199991416
704	0.19454601
705	0.186800826
706	0.180907709
707	0.176154975
708	0.172699753
709	0.167209335
710	0.163937845
711	0.158868073
712	0.154372719
713	0.149221845
714	0.144997191
715	0.141232193
716	0.136650096
717	0.134257344
718	0.13106993
719	0.126907712
720	0.123527582
721	0.120983341
722	0.117426178
723	0.111964834
724	0.110527259
725	0.10704929
726	0.103477084
727	0.099967177
728	0.098443122
729	0.095771163
730	0.092027223
731	0.089518827
732	0.087155563
733	0.084376458
734	0.081740816
735	0.079019083
736	0.076486659
737	0.07445566
738	0.072383873
739	0.070349681
740	0.068410767
741	0.066661337
742	0.064233695
743	0.061184277
744	0.059701003
745	0.057542448
746	0.054251882
747	0.053005985
748	0.051643214
749	0.050598581
750	0.048523616
751	0.045889919
752	0.045833589
753	0.044316411
754	0.043255566
755	0.04155246
756	0.039530798
757	0.038877313
758	0.037727511
759	0.037004218
760	0.035946998
761	0.033323148
762	0.03452686
763	0.032478886
764	0.032223069
765	0.030165407
766	0.029762969
767	0.029115502
768	0.028258153
769	0.026245422
770	0.026236245
771	0.025429612
772	0.023634155
773	0.023574173
774	0.024494498
775	0.02203401
776	0.021017091
777	0.020694425
778	0.020122186
779	0.019944238
780	0.018612231
781	0.018259592
782	0.01782309
783	0.016638661
784	0.015801331
785	0.016243826
786	0.016032145
787	0.0142835
788	0.013664089
789	0.014334665
790	0.012658677
791	0.013100107
792	0.012552433
793	0.012061795
794	0.010955786
795	0.011144203
796	0.00939619
797	0.009817822
798	0.009475031
799	0.008140114
800	0.009582281
801	0.007369838
802	0.008801787
803	0.008257389
804	0.007468731
805	0.006935544
806	0.007765993
807	0.006245372
808	0.007239409
809	0.009375407
810	0.006139027
811	0.003733497
812	0.007086096
813	0.005678813
814	0.005394297
815	0.006037225
816	0.005118479
817	0.004788449
818	0.004959815
819	0.004177887
820	0.004501619
821	0.004871356
822	0.00325454
823	0.004663459
824	0.004074558
825	0.003082407
826	0.003915987
827	0.003311802
828	0.003463305
829	0.002407567
830	0.002537679
831	0.002999556
832	0.004377746
833	0.002368849
834	0.002456043
835	0.002508567
836	0.002938658
837	0.00196429
838	0.001517191
839	0.002483035
840	0.002795811
841	0.002145771
842	0.002945713
843	0.001992477
844	0.001719819
845	0.001658579
846	0.002070069
847	0.001845221
848	0.002442842
849	0.002639155
850	0.001265427
851	0.002075081
852	0.001177073
853	0.002428721
854	0.002244263
855	0.001630065
856	0.001177101
857	0.001377126
858	0.001105264
859	0.001541313
860	0.000206681
861	0.001469299
862	0.001389801
863	0.001459435
864	0.001009379
865	0.001589881
866	0.001895115
867	0.000860083
868	0.001864641
869	0.000437089
870	0.00182934
871	0.000726499
872	0.001103143
873	0.001107546
874	0.00160019
875	0.000448439
876	0.00101781
877	0.001196907
878	0.00195828
879	0.001619323
880	0.000961157
881	0.001798015
882	0.001240513
883	0.001739049
884	0.002324205
885	0.001306073
886	0.000283671
887	0.000902336
888	0.001037365
889	0.000651357
890	0.002135687
891	0.001965769
892	0.000549303
893	0.000302422
894	0.001378637
895	0.000599381
896	0.001052675
897	0.001022196
898	0.002847638
899	0.001056674
900	0.002182245
