# Ceramic Metal Halide
#
# average spectrum made of:
# CMH_Ceramic_Metal_Halide_2378K_SFH_1_Mayo_cor
# CMH_Ceramic_Metal_Halide_2586K_SFH_Panos_H_cor
# CMH_Ceramic_Metal_Halide_2620K_SFH_Panos_L_cor
# CMH_Ceramic_Metal_Halide_2691K_SFH_Police_cor
# CMH_Ceramic_Metal_Halide_2829K_Almeria_Calle_Gregorio_Maranon_cor
# CMH_Ceramic_Metal_Halide_2832K_SFH_Eugenia_cor
# CMH_Ceramic_Metal_Halide_5381K_SFH_Saramago_cor
# CMH_Ceramic_Metal_Halide_6545K_SFH_P_General_cor
#
# W	S
300	0.000335719
301	0.000147365
302	0.00034882
303	0.00178643
304	0.000500081
305	0.001173429
306	0.000929423
307	0.001009679
308	0.001892178
309	0.000397136
310	0.00169186
311	0.000437949
312	0
313	0.000000135
314	0.002304019
315	0.002781319
316	0.000742726
317	0
318	0.000167049
319	0.00073033
320	2.76713E-05
321	0.000485703
322	0.000166845
323	0.000914316
324	0.003180811
325	0.002636635
326	0.000871903
327	0
328	0.001835933
329	0.002554425
330	0.001328756
331	0.000896836
332	0.00341456
333	0.00025944
334	0.000294735
335	0.000114695
336	0.00218164
337	0.002009949
338	0.001527768
339	0.002297711
340	0.002723891
341	0.002968475
342	0.004944034
343	0.006209209
344	0.006816958
345	0.009056583
346	0.008653461
347	0.008883734
348	0.010025105
349	0.01105675
350	0.015103965
351	0.027139253
352	0.035364125
353	0.038637101
354	0.041252439
355	0.039266209
356	0.033734464
357	0.034753251
358	0.036675926
359	0.039615898
360	0.039313633
361	0.042441115
362	0.040778144
363	0.042552295
364	0.051907446
365	0.077318821
366	0.079482275
367	0.071473986
368	0.066000051
369	0.060856908
370	0.060187116
371	0.055510861
372	0.051901551
373	0.051141929
374	0.052268205
375	0.05236385
376	0.050869025
377	0.047497163
378	0.027412318
379	0.014219258
380	0.011306388
381	0.011016403
382	0.011617084
383	0.017855976
384	0.024456605
385	0.024795361
386	0.022373166
387	0.02683165
388	0.030814803
389	0.032537723
390	0.032734021
391	0.03212363
392	0.037209779
393	0.038299295
394	0.039461509
395	0.044212955
396	0.047881883
397	0.049489469
398	0.048986521
399	0.049144884
400	0.054828193
401	0.055062691
402	0.055403143
403	0.062370791
404	0.071322211
405	0.090201824
406	0.088037341
407	0.075010078
408	0.07682643
409	0.079950983
410	0.090141136
411	0.105422219
412	0.09880446
413	0.109180854
414	0.116106543
415	0.105519914
416	0.103109113
417	0.12607448
418	0.13339829
419	0.141608374
420	0.151616758
421	0.15744862
422	0.174276726
423	0.176126843
424	0.145496339
425	0.128910376
426	0.119518536
427	0.111859386
428	0.105545225
429	0.10612094
430	0.106932824
431	0.112365073
432	0.107596669
433	0.098874266
434	0.093761846
435	0.114162958
436	0.179760371
437	0.164848501
438	0.131359333
439	0.114692055
440	0.109657696
441	0.110798849
442	0.10591024
443	0.104998083
444	0.10644383
445	0.113709685
446	0.116150488
447	0.109501223
448	0.10870865
449	0.112357839
450	0.107223038
451	0.108049221
452	0.112706941
453	0.116916585
454	0.117492283
455	0.116441873
456	0.124770885
457	0.127754275
458	0.126292208
459	0.134828888
460	0.13164206
461	0.131765244
462	0.133455256
463	0.123385185
464	0.126037649
465	0.121724786
466	0.116200556
467	0.125193043
468	0.13705278
469	0.135507841
470	0.134214653
471	0.131734389
472	0.135296566
473	0.141906939
474	0.135411175
475	0.120713178
476	0.111864948
477	0.110272804
478	0.121353529
479	0.120125335
480	0.116140724
481	0.113883971
482	0.119216799
483	0.120825254
484	0.11188553
485	0.103739156
486	0.100524501
487	0.100396458
488	0.111517503
489	0.120078109
490	0.116377495
491	0.112800695
492	0.116833675
493	0.113827214
494	0.121497233
495	0.117340578
496	0.119819691
497	0.122810369
498	0.142231265
499	0.15324376
500	0.151640501
501	0.13861814
502	0.132585615
503	0.135008698
504	0.14263786
505	0.149081054
506	0.137901414
507	0.134787975
508	0.127109041
509	0.11525697
510	0.110752816
511	0.118674288
512	0.132081786
513	0.13512342
514	0.126968919
515	0.129931863
516	0.139327479
517	0.137726449
518	0.137769941
519	0.13838363
520	0.13029661
521	0.12777092
522	0.133039919
523	0.138048386
524	0.133675733
525	0.119278566
526	0.12479251
527	0.134103449
528	0.131787094
529	0.125336576
530	0.138805899
531	0.158472946
532	0.16198168
533	0.18546363
534	0.290171998
535	0.473710031
536	0.611974018
537	0.721897103
538	0.718060361
539	0.672448084
540	0.566313088
541	0.429973385
542	0.305639676
543	0.231697948
544	0.173759194
545	0.170195146
546	0.305781999
547	0.308064058
548	0.225433089
549	0.184171015
550	0.153873176
551	0.140682018
552	0.133155996
553	0.136972093
554	0.140601095
555	0.150317208
556	0.147278048
557	0.144788589
558	0.142984131
559	0.150974896
560	0.151844313
561	0.149421723
562	0.148800306
563	0.159036563
564	0.180527533
565	0.192920698
566	0.202736109
567	0.23066428
568	0.287382884
569	0.386481935
570	0.394304561
571	0.325914534
572	0.274699318
573	0.228227598
574	0.205734359
575	0.200689243
576	0.213734553
577	0.232869681
578	0.2213254
579	0.231147048
580	0.229184209
581	0.231639729
582	0.233166124
583	0.243389556
584	0.266979545
585	0.306735778
586	0.370764738
587	0.422320031
588	0.389343823
589	0.250902741
590	0.175806649
591	0.161903765
592	0.194040741
593	0.250837784
594	0.3119199
595	0.369143693
596	0.406771891
597	0.446913898
598	0.481361325
599	0.500873734
600	0.50172215
601	0.504730174
602	0.497234373
603	0.489316566
604	0.479039808
605	0.463915771
606	0.458683631
607	0.445041285
608	0.439546699
609	0.44475833
610	0.428390553
611	0.416063361
612	0.404002056
613	0.398228241
614	0.385058391
615	0.381613136
616	0.417653143
617	0.424437749
618	0.390130951
619	0.36813138
620	0.351075696
621	0.332985736
622	0.324320971
623	0.315087411
624	0.3077331
625	0.305436546
626	0.337191245
627	0.325787269
628	0.308444283
629	0.294757909
630	0.292082054
631	0.291873308
632	0.278820119
633	0.27585966
634	0.273794644
635	0.274519329
636	0.270520595
637	0.272048424
638	0.276300541
639	0.270572589
640	0.264391953
641	0.258706071
642	0.25593037
643	0.253694721
644	0.253383255
645	0.244558935
646	0.254097503
647	0.252818291
648	0.245992761
649	0.241080381
650	0.227388236
651	0.215815085
652	0.209921346
653	0.206955424
654	0.211003639
655	0.23380757
656	0.247345598
657	0.236576553
658	0.248087043
659	0.236140835
660	0.230607055
661	0.233684648
662	0.208406326
663	0.210824888
664	0.200179064
665	0.19383287
666	0.20384418
667	0.220368573
668	0.213353863
669	0.21191447
670	0.222244651
671	0.237986568
672	0.231741284
673	0.227895224
674	0.219219536
675	0.215936975
676	0.205553428
677	0.206959964
678	0.199545489
679	0.192433324
680	0.179300098
681	0.170803491
682	0.163097054
683	0.173624246
684	0.180305104
685	0.181567131
686	0.174077845
687	0.153414984
688	0.135834594
689	0.130517719
690	0.129120448
691	0.125696173
692	0.120688553
693	0.118921715
694	0.121485079
695	0.124275946
696	0.127217253
697	0.122946524
698	0.122107764
699	0.12023039
700	0.122841404
701	0.114574344
702	0.111969685
703	0.104870713
704	0.10051147
705	0.096528974
706	0.095794503
707	0.091990301
708	0.090992614
709	0.090842695
710	0.087263818
711	0.085999729
712	0.086650446
713	0.088628496
714	0.087555386
715	0.089916014
716	0.087419665
717	0.085768628
718	0.082762575
719	0.080202396
720	0.082173108
721	0.088999975
722	0.087242454
723	0.087975864
724	0.084645949
725	0.08361919
726	0.081547053
727	0.079744244
728	0.078106794
729	0.076680163
730	0.077025426
731	0.075876503
732	0.071563696
733	0.072284321
734	0.07116988
735	0.071464838
736	0.070081636
737	0.071734729
738	0.080264875
739	0.075402404
740	0.076129478
741	0.082018134
742	0.078886151
743	0.074197114
744	0.072491466
745	0.070706739
746	0.069244475
747	0.064612585
748	0.069705155
749	0.071155705
750	0.071539781
751	0.06896616
752	0.070562133
753	0.068180663
754	0.077674529
755	0.092917968
756	0.104390054
757	0.092802715
758	0.082310016
759	0.082491643
760	0.07948287
761	0.076058283
762	0.075976619
763	0.074306106
764	0.078344453
765	0.081196524
766	0.119160654
767	0.144684415
768	0.107401456
769	0.096816371
770	0.112242639
771	0.09319849
772	0.085874498
773	0.076944534
774	0.072501321
775	0.06741123
776	0.064332485
777	0.058660013
778	0.059198461
779	0.060227251
780	0.061485144
781	0.067092634
782	0.074468181
783	0.067284995
784	0.061811521
785	0.059798724
786	0.057285488
787	0.054247296
788	0.050338176
789	0.051036621
790	0.052992129
791	0.054363884
792	0.058797521
793	0.058985355
794	0.056579859
795	0.054273874
796	0.054928634
797	0.058025449
798	0.057539604
799	0.055328966
800	0.052719835
801	0.054554565
802	0.060565756
803	0.06247625
804	0.056055521
805	0.054593541
806	0.051735335
807	0.052187803
808	0.05648737
809	0.059960246
810	0.065532529
811	0.060651058
812	0.058483948
813	0.063515674
814	0.067082328
815	0.080366806
816	0.094592884
817	0.174198858
818	0.424383519
819	0.646942873
820	0.740982918
821	0.705799741
822	0.558433419
823	0.41494328
824	0.30063366
825	0.227527334
826	0.178285599
827	0.154711453
828	0.131282011
829	0.112042446
830	0.1037492
831	0.090842744
832	0.095167908
833	0.095719523
834	0.084717739
835	0.075671088
836	0.066532396
837	0.064067188
838	0.06087516
839	0.057705665
840	0.060698275
841	0.054886679
842	0.055506675
843	0.05537258
844	0.051812284
845	0.045575383
846	0.044971689
847	0.055397668
848	0.051896466
849	0.044953091
850	0.052549278
851	0.064689058
852	0.124611498
853	0.163303511
854	0.155968213
855	0.120381498
856	0.095643719
857	0.080940086
858	0.06538797
859	0.062053761
860	0.05185152
861	0.0490548
862	0.043614906
863	0.047222614
864	0.045690158
865	0.042912021
866	0.044278011
867	0.050088686
868	0.051755373
869	0.040037631
870	0.044165885
871	0.040896018
872	0.043989853
873	0.039000093
874	0.038843011
875	0.040788418
876	0.057847674
877	0.063270408
878	0.0544363
879	0.045661634
880	0.031143429
881	0.036251943
882	0.029040869
883	0.032954816
884	0.023360265
885	0.030382969
886	0.029795001
887	0.030471448
888	0.032669723
889	0.038043045
890	0.031597353
891	0.035530543
892	0.029500718
893	0.036212343
894	0.081216603
895	0.129996016
896	0.121727633
897	0.111550203
898	0.063552061
899	0.04584511
900	0.038989179
