# High Pressure Sodium
#
# average spectrum made of:
# HPS_High_Pressure_Sodium_1732K_SFH_Toledo_cor
# HPS_High_Pressure_Sodium_1819K_Riba_Roja_Plaza_Ajuntament_cor
# HPS_High_Pressure_Sodium_1869K_Riba_Roja_cor
# HPS_High_Pressure_Sodium_1895K_Ager_cor
# HPS_High_Pressure_Sodium_1920K_SFH_Alix_cor
# HPS_High_Pressure_Sodium_2005K_F_Fisicas_cor
# HPS_High_Pressure_Sodium_2038K_Riba_Roja_Plaza_Ajuntament_cor
# HPS_High_Pressure_Sodium_2176K_Riba_Roja_cor
# HPS_High_Pressure_Sodium_2255K_Paraninfo_UCM_cor
#
# W	S
300	0.00019843
301	0.000257822
302	0.000665281
303	0.00029968
304	0.002234259
305	0.002315392
306	0
307	0.00061906
308	6.16667E-07
309	0.000260954
310	7.70789E-05
311	0.00150883
312	0
313	0.00000004
314	0
315	0.001132043
316	0.001360282
317	0.000116523
318	1.02833E-05
319	0.002501871
320	7.29311E-05
321	0.000403261
322	0.000928917
323	0.000713941
324	0.0010696
325	9.47444E-05
326	0.00091704
327	0.001034089
328	0.000396857
329	3.92378E-05
330	0.000663402
331	0.000696599
332	0.000635083
333	0.000844499
334	0.001738527
335	0.000268833
336	0.003810269
337	0.001391196
338	0.000904946
339	0.001650176
340	0.000532412
341	0.000499787
342	0.00049465
343	0.000692662
344	0.0002411
345	0.000863427
346	0.00091744
347	0.001153311
348	0.000672964
349	0.000164301
350	0.000573289
351	0.000662351
352	0.000493129
353	0.000512598
354	0.000973541
355	0.000878811
356	0.001106366
357	0.00082373
358	0.000234353
359	0.000132067
360	0.00121257
361	0.001585797
362	0.000976357
363	0.000514559
364	0.001043398
365	0.001790476
366	0.001720613
367	0.001033756
368	0.0015866
369	0.00148656
370	0.002549532
371	0.001683727
372	0.002046724
373	0.001322043
374	0.001549211
375	0.00145082
376	0.000980737
377	0.001406653
378	0.001720626
379	0.001604853
380	0.002006621
381	0.001434299
382	0.00118722
383	0.001807257
384	0.002138988
385	0.001840598
386	0.00175705
387	0.001690804
388	0.001574524
389	0.002190873
390	0.002153524
391	0.002227081
392	0.002291214
393	0.001775337
394	0.002433929
395	0.003468113
396	0.003007324
397	0.003669041
398	0.002905531
399	0.003317468
400	0.00407312
401	0.004306441
402	0.004511497
403	0.004157647
404	0.005587242
405	0.007016202
406	0.006351671
407	0.00585604
408	0.006126151
409	0.006531001
410	0.005854934
411	0.005527372
412	0.006250676
413	0.005693834
414	0.005980113
415	0.006535878
416	0.007353718
417	0.006943396
418	0.007233056
419	0.007175691
420	0.00788623
421	0.007487534
422	0.009529729
423	0.008070747
424	0.008167286
425	0.008379947
426	0.008535279
427	0.009201894
428	0.00866134
429	0.009753619
430	0.008977621
431	0.009117982
432	0.01042445
433	0.011361657
434	0.010736858
435	0.011753338
436	0.015188427
437	0.015168869
438	0.013039541
439	0.014472078
440	0.014276733
441	0.014470516
442	0.012411159
443	0.011585119
444	0.009948374
445	0.009207172
446	0.010599889
447	0.01247307
448	0.014272243
449	0.018615533
450	0.024636438
451	0.025315994
452	0.020811562
453	0.017439643
454	0.015952362
455	0.016729093
456	0.014322101
457	0.010790612
458	0.010210724
459	0.009360821
460	0.010034821
461	0.00974191
462	0.011159742
463	0.012688582
464	0.014949398
465	0.018338308
466	0.029493657
467	0.050805318
468	0.052290068
469	0.037970433
470	0.026867299
471	0.021649167
472	0.017222723
473	0.014135228
474	0.012636734
475	0.016937373
476	0.018604252
477	0.012567007
478	0.00916229
479	0.006936261
480	0.006271544
481	0.005954804
482	0.006089248
483	0.006496397
484	0.006898448
485	0.006620908
486	0.006886572
487	0.006477066
488	0.006850054
489	0.007436724
490	0.008314953
491	0.010106423
492	0.011486874
493	0.010804841
494	0.011014739
495	0.013526787
496	0.020226873
497	0.045412312
498	0.12127388
499	0.158241121
500	0.102794031
501	0.057440967
502	0.031552742
503	0.018202632
504	0.012971656
505	0.010638277
506	0.009587172
507	0.00893112
508	0.008947677
509	0.008531798
510	0.008558751
511	0.008320773
512	0.00878394
513	0.008617602
514	0.01098822
515	0.031762739
516	0.045440106
517	0.025657852
518	0.0159954
519	0.011184053
520	0.009335623
521	0.008624226
522	0.008370683
523	0.008496718
524	0.008533352
525	0.008710276
526	0.008511827
527	0.008366502
528	0.008624143
529	0.008592258
530	0.008955778
531	0.008991413
532	0.008906133
533	0.009207848
534	0.009485042
535	0.009765983
536	0.009830299
537	0.010040219
538	0.009951103
539	0.010589926
540	0.010277067
541	0.010728401
542	0.010971251
543	0.011203274
544	0.011843527
545	0.013229281
546	0.019519884
547	0.021687667
548	0.02208029
549	0.026867539
550	0.035544436
551	0.04385182
552	0.049089508
553	0.053173708
554	0.055661638
555	0.056457523
556	0.061276264
557	0.068199723
558	0.078446788
559	0.090343597
560	0.100623772
561	0.107939894
562	0.110987013
563	0.113520723
564	0.116221951
565	0.122705267
566	0.142227012
567	0.195287907
568	0.350744631
569	0.617219981
570	0.521105687
571	0.34054137
572	0.251962704
573	0.198946151
574	0.17869495
575	0.178579129
576	0.188155672
577	0.201715484
578	0.21846206
579	0.237690562
580	0.262668883
581	0.288769194
582	0.321098547
583	0.353490327
584	0.383181114
585	0.409307862
586	0.407098784
587	0.340964094
588	0.206059359
589	0.096544452
590	0.051399261
591	0.050932147
592	0.123318673
593	0.245597687
594	0.348261604
595	0.41724043
596	0.450844124
597	0.456872179
598	0.44790058
599	0.432535964
600	0.410772518
601	0.387897318
602	0.364306053
603	0.34407514
604	0.321617499
605	0.299400242
606	0.281873841
607	0.26412823
608	0.247472849
609	0.23228017
610	0.21825202
611	0.208077183
612	0.195691868
613	0.187415722
614	0.180100976
615	0.20569496
616	0.288554077
617	0.258055547
618	0.197050013
619	0.169761091
620	0.150110086
621	0.136275836
622	0.129259667
623	0.124320379
624	0.119072109
625	0.115131982
626	0.111666387
627	0.1084078
628	0.104411593
629	0.101270271
630	0.097870511
631	0.095253021
632	0.093180429
633	0.090555284
634	0.088585444
635	0.086563709
636	0.084565906
637	0.082240714
638	0.080868523
639	0.078946364
640	0.076720362
641	0.075443426
642	0.074843057
643	0.073010776
644	0.07123814
645	0.070205972
646	0.069277479
647	0.068035066
648	0.066387466
649	0.065547014
650	0.064128856
651	0.061991901
652	0.06047745
653	0.060006941
654	0.059805711
655	0.059839266
656	0.058618456
657	0.058683908
658	0.057979381
659	0.05752477
660	0.057615632
661	0.055134233
662	0.053295878
663	0.051919481
664	0.05088759
665	0.050625459
666	0.051467581
667	0.052560364
668	0.052783894
669	0.053991063
670	0.055401106
671	0.056307052
672	0.056220383
673	0.055173332
674	0.055633568
675	0.053490806
676	0.053206899
677	0.052175576
678	0.049368306
679	0.047497236
680	0.045154538
681	0.043157928
682	0.042424241
683	0.04028217
684	0.037640848
685	0.036999717
686	0.034984377
687	0.032780156
688	0.030117868
689	0.028777126
690	0.028663247
691	0.029260722
692	0.030023668
693	0.02948428
694	0.028656396
695	0.027997696
696	0.028279626
697	0.028399743
698	0.027187458
699	0.028595243
700	0.028137744
701	0.027004407
702	0.027576606
703	0.028189577
704	0.026500298
705	0.02660473
706	0.026875062
707	0.026526982
708	0.025731977
709	0.02729896
710	0.027045199
711	0.026098297
712	0.025096213
713	0.025214297
714	0.02559059
715	0.024063212
716	0.024689954
717	0.024633184
718	0.023348311
719	0.023060129
720	0.021898381
721	0.021970132
722	0.022800589
723	0.02283844
724	0.020725886
725	0.021361608
726	0.021763617
727	0.019911206
728	0.022179836
729	0.022997842
730	0.022702074
731	0.02143472
732	0.021974706
733	0.021315606
734	0.022078062
735	0.021524223
736	0.020936966
737	0.021224456
738	0.023393097
739	0.021258103
740	0.022356179
741	0.022313426
742	0.021692278
743	0.021821059
744	0.020803476
745	0.021410004
746	0.020623618
747	0.020931882
748	0.021000017
749	0.021129153
750	0.0206848
751	0.020754361
752	0.021495206
753	0.021800787
754	0.020970761
755	0.020028261
756	0.020848613
757	0.020575144
758	0.019358903
759	0.01783615
760	0.017026544
761	0.012900294
762	0.01425691
763	0.015008787
764	0.015145876
765	0.01748864
766	0.034912318
767	0.050027757
768	0.032691964
769	0.034343468
770	0.048684573
771	0.035120762
772	0.026454979
773	0.022997861
774	0.021506019
775	0.019459562
776	0.018820698
777	0.018705294
778	0.01712442
779	0.018924096
780	0.016179861
781	0.019240481
782	0.017237173
783	0.020306354
784	0.01801178
785	0.018857974
786	0.020944664
787	0.019194469
788	0.019878312
789	0.020408668
790	0.020056071
791	0.020810156
792	0.022708844
793	0.020012228
794	0.02237551
795	0.02279925
796	0.024029759
797	0.023888429
798	0.024086296
799	0.023578028
800	0.027175088
801	0.027019964
802	0.025947926
803	0.0262203
804	0.026828798
805	0.027114727
806	0.029294211
807	0.028316243
808	0.030202926
809	0.029657861
810	0.032061976
811	0.028449137
812	0.033773607
813	0.037974544
814	0.043638324
815	0.05721242
816	0.098675911
817	0.222408179
818	0.562720064
819	0.907583147
820	0.99267403
821	0.793204493
822	0.516713014
823	0.32073145
824	0.191631303
825	0.120779709
826	0.082340257
827	0.060029798
828	0.045952637
829	0.034965876
830	0.032364764
831	0.027276764
832	0.028257999
833	0.019814311
834	0.019451229
835	0.021383312
836	0.016610143
837	0.015689964
838	0.015883748
839	0.013427997
840	0.012529618
841	0.009517424
842	0.011275786
843	0.010079997
844	0.009612284
845	0.008043759
846	0.010279706
847	0.01301004
848	0.011821163
849	0.007784699
850	0.00918412
851	0.012898196
852	0.008386298
853	0.008443419
854	0.0089985
855	0.006216669
856	0.006673608
857	0.008063846
858	0.009778228
859	0.0125254
860	0.006539266
861	0.011040924
862	0.007400058
863	0.007810061
864	0.007980363
865	0.008760062
866	0.008482362
867	0.007380146
868	0.007798853
869	0.008518497
870	0.007763227
871	0.010644766
872	0.00924634
873	0.01061982
874	0.008832094
875	0.006165942
876	0.008631934
877	0.005654378
878	0.007066807
879	0.005820858
880	0.004934582
881	0.008658861
882	0.005908082
883	0.005109802
884	0.004411738
885	0.004362228
886	0.004149677
887	0.008247409
888	0.006898732
889	0.008609654
890	0.005402979
891	0.008417058
892	0.004157919
893	0.004628547
894	0.001723021
895	0.005619829
896	0.003818122
897	0.006850734
898	0.002969636
899	0.002098716
900	0.000903668