0.177602	
0.159566	
0.144386	
0.142504	
0.141598	
0.138547	
0.140424	
0.142684	
0.154048	
0.163757	
0.171405	
0.183056	
0.188770	
0.193388	
0.190590	
0.185203	
0.180294	
0.181724	
0.175983	
0.170343	
0.166994	
0.168267	
0.172641	
0.198115	
0.206285	
0.186354	
0.167484	
0.159416	
0.157482	
0.158645	
0.156015	
0.155742	
0.166483	
0.193205	
0.209440	
0.190776	
0.176928	
0.166287	
0.154285	
0.153400	
0.157112	
0.161555	
0.156401	
0.154801	
0.154111	
0.153611	
0.156074	
0.156627	
0.155873	
0.155183	
0.151503	
0.155251	
0.155044	
0.157094	
0.159640	
0.163235	
0.166304	
0.167543	
0.175691	
0.215370	
0.409121	
0.503958	
0.451097	
0.408123	
0.360207	
0.338391	
0.361734	
0.427261	
0.428230	
0.426859	
0.477148	
1.023164	
0.952030	
0.686036	
0.543725	
0.372512	
0.310668	
0.288349	
0.269985	
0.251184	
0.238886	
0.230905	
0.225300	
0.225114	
0.227051	
0.230461	
0.232536	
0.232841	
0.236463	
0.241246	
0.246918	
0.255461	
0.285248	
0.354223	
0.457426	
0.412316	
0.359993	
0.325399	
0.292647	
0.279008	
0.278096	
0.309677	
0.439404	
0.420195	
0.499776	
0.483190	
0.419515	
0.400917	
0.388252	
0.390956	
0.397929	
0.400634	
0.406538	
0.446580	
0.530167	
0.616135	
0.603216	
0.560667	
0.540464	
0.512502	
0.483841	
0.465678	
0.449420	
0.442001	
0.437325	
0.423926	
0.405476	
0.389396	
0.375480	
0.357650	
0.345458	
0.338559	
0.334919	
0.334855	
0.349968	
0.400537	
0.572090	
0.679934	
0.570294	
0.519501	
0.481600	
0.449322	
0.399137	
0.353372	
0.328618	
0.315993	
0.315378	
0.311059	
0.307151	
0.309724	
0.306442	
0.316556	
0.306820	
0.295179	
0.282003	
0.285926	
0.307075	
0.290588	
0.271511	
0.254752	
0.241057	
0.233746	
0.229114	
0.228596	
0.223462	
0.218415	
0.218388	
0.219815	
0.218324	
0.214593	
0.210598	
0.211116	
0.210679	
0.206280	
0.207681	
0.205532	
0.208945	
0.203506	
0.202600	
0.200291	
0.206356	
0.205054	
0.199399	
0.200723	
0.198698	
0.193054	
0.194140	
0.189673	
0.189247	
0.185248	
0.180886	
0.181419	
0.183545	
0.180741	
0.179727	
0.205471	
0.259632	
0.236506	
0.219897	
0.200756	
0.184902	
0.176306	
0.173279	
0.172439	
0.171685	
0.164543	
0.165006	
0.161834	
0.166835	
0.167815	
0.170324	
0.169230	
0.162631	
0.160847	
0.157659	
0.155978	
0.156073	
0.152098	
0.151083	
0.155443	
0.152871	
0.148228	
0.156161	
0.155070	
0.154500	
0.149394	
0.149602	
0.145832	
0.143791	
0.144723	
0.141638	
0.145054	
0.155131	
0.159550	
0.166047	
0.168438	
0.154554	
0.157247	
0.161793	
0.148370	
0.143332	
0.137982	
0.139178	
0.135367	
0.134470	
0.134234	
0.134158	
0.134620	
0.136688	
0.135932	
0.134712	
