0.134690	
0.138322	
0.139973	
0.146575	
0.143273	
0.141293	
0.138652	
0.134030	
0.130399	
0.126767	
0.120825	
0.112572	
0.108941	
0.111582	
0.120495	
0.123467	
0.124787	
0.123796	
0.122146	
0.128748	
0.125447	
0.124787	
0.129078	
0.123796	
0.127098	
0.129078	
0.129078	
0.128418	
0.128088	
0.130729	
0.133370	
0.126438	
0.124127	
0.122476	
0.128748	
0.128748	
0.132710	
0.135021	
0.134030	
0.137552	
0.139477	
0.135901	
0.131774	
0.127098	
0.124071	
0.122421	
0.120220	
0.124622	
0.127372	
0.128198	
0.133975	
0.132050	
0.136176	
0.140302	
0.143053	
0.146905	
0.149656	
0.154608	
0.159010	
0.152958	
0.167262	
0.179367	
0.180743	
0.182119	
0.188995	
0.190646	
0.184319	
0.179367	
0.177441	
0.180192	
0.180743	
0.176616	
0.174965	
0.175516	
0.176616	
0.175241	
0.178542	
0.180743	
0.183494	
0.203026	
0.189271	
0.209079	
0.211004	
0.205777	
0.200000	
0.184870	
0.177441	
0.172765	
0.161761	
0.152407	
0.148005	
0.150207	
0.154883	
0.150481	
0.148280	
0.150207	
0.142228	
0.147180	
0.155158	
0.158184	
0.157084	
0.151582	
0.151307	
0.138102	
0.145255	
0.148005	
0.153783	
0.158184	
0.165887	
0.153783	
0.146080	
0.149931	
0.153507	
0.149656	
0.157359	
0.160660	
0.145805	
0.149381	
0.160110	
0.149931	
0.153507	
0.146630	
0.160385	
0.169189	
0.172765	
0.184870	
0.186795	
0.206877	
0.238239	
0.274828	
0.323796	
0.376341	
0.418432	
0.437414	
0.434388	
0.422283	
0.397249	
0.381843	
0.371389	
0.364787	
0.358735	
0.365337	
0.377441	
0.391472	
0.430811	
0.478129	
0.528748	
0.569739	
0.601375	
0.619532	
0.623108	
0.669326	
0.773040	
0.900963	
0.929298	
1.000000	
0.726547	
0.900963	
0.844566	
0.643741	
0.793122	
0.576066	
0.491059	
0.431637	
0.370839	
0.341678	
0.322971	
0.316093	
0.277029	
0.281155	
0.253370	
0.240991	
0.229986	
0.222834	
0.230537	
0.242640	
0.243742	
0.242366	
0.228610	
0.225309	
0.225309	
0.220082	
0.235213	
0.244291	
0.257497	
0.275378	
0.337551	
0.388171	
0.431912	
0.481431	
0.514718	
0.519945	
0.494085	
0.461623	
0.417607	
0.333975	
0.291884	
0.274278	
0.271527	
0.245667	
0.243191	
0.251169	
0.264649	
0.277579	
0.289133	
0.338102	
0.397249	
0.408804	
0.410179	
0.415681	
0.452819	
0.438514	
0.418432	
0.386244	
0.386795	
0.411004	
0.444016	
0.457771	
0.457222	
0.489409	
0.503439	
0.510867	
0.479780	
0.456946	
0.438514	
0.459697	
0.489683	
0.522146	
0.548281	
0.529298	
0.504539	
0.479230	
0.466850	
0.458322	
0.451995	
0.433013	
0.412104	
0.387345	
0.376341	
0.353783	
0.344979	
0.333975	
0.331775	
0.338102	
0.347456	
0.358184	
0.437414	
0.464649	
0.395323	
0.505915	
0.564787	
0.666025	
0.716368	
0.825584	
0.892435	
0.945255	
0.963411	
0.907015	
0.845667	
0.770839	
0.706189	
0.600550	
0.512517	
0.501788	
0.488858	
0.483081	
0.423383	
0.368913	
0.341678	
0.341127	
0.344704	
0.339753	
0.322971	
0.301513	
0.301788	
0.297387	
0.300688	
0.292160	
0.302614	
0.273452	
0.269876	
0.273178	
0.301788	
0.318845	
0.295461	
0.273727	
0.257497	
0.242366	
0.234113	
0.228336	
0.220907	
0.218707	
0.220082	
0.215681	
0.223659	
0.215131	
0.223109	
0.212930	
0.206328	
0.199174	
0.195598	
0.202201	
0.206877	
0.208528	
0.201650	
0.196974	
0.207978	
0.204127	
0.200276	
0.219257	
0.210454	
0.204401	
0.190371	
0.193947	
0.201650	
0.192573	
0.176891	
0.190922	
0.185144	
0.191747	
0.194498	
0.190922	
0.186795	
0.181843	
0.180192	
0.190096	
0.179917	
0.190646	
0.184044	
0.212380	
0.202751	
0.187070	
0.182119	
0.178817	
0.171389	
0.177167	
0.176616	
0.171664	
0.172765	
0.173865	
0.165887	
0.166713	
0.170564	
0.175516	
0.162311	
0.179917	
0.151857	
0.147731	
0.141953	
0.150756	
0.147180	
0.151032	
0.146905	
0.163137	
0.147731	
0.159835	
0.165062	
0.160110	
0.168638	
0.161761	
0.153507	
0.153232	
0.160660	
0.147180	
0.158734	
0.161486	
0.171389	
0.187895	
0.177167	
0.172489	
0.174140	
0.166988	
0.166988	
0.160660	
0.154883	
0.150207	
0.145255	
0.138102	
0.143053	
0.130674	
0.139753	
0.142778	
0.143053	
0.144704	
0.142228	
0.140028	
0.152407	
0.145805	
0.141678	
0.134801	
0.152683	
0.136726	
0.149381	
0.151582	
0.149656	
0.144154	
0.140853	
0.146355	
0.149931	
0.141953	
0.152132	
0.135075	
0.147455	
0.160660	
0.151857	
0.157359	
0.146080	
0.140028	
0.151857	
0.158184	
0.167262	
0.158184	
0.096011	
0.104814	
0.110317	
0.102614	
0.111417	
0.100963	
0.135350	
0.158459	
0.167813	
0.174140	
0.196698	
0.185419	
0.170564	
0.176616	
0.168088	
0.173040	
0.157634	
0.162311	
0.152683	
0.144154	
0.150207	
0.155434	
0.156259	
0.159835	
0.153232	
0.150481	
0.153783	
0.157359	
0.163137	
0.151582	
0.141403	
0.148556	
0.140853	
0.152683	
0.160660	
0.144704	
0.135075	
0.123521	
0.136726	
0.132875	
0.143329	
0.123521	
0.157084	
0.139477	
0.149931	
0.154883	
0.143329	
0.153232	
0.137277	
0.156808	
0.136726	
0.149106	
0.211279	
0.302339	
0.378542	
0.410729	
0.385695	
0.319120	
0.187070	
0.254470	
0.150756	
0.156259	
0.151307	
0.304539	
0.238515	
0.387620	
0.470151	
0.544429	
0.628335	
0.696011	
0.670151	
0.603301	
0.552407	
0.459973	
0.385144	
0.302614	
0.250343	
0.186520	
0.173315	
0.161761	
0.172489	
0.197249	
0.163962	
0.187620	
0.207978	
0.195873	
0.152958	
0.143879	
0.137826	
0.141953	
0.151857	
0.156259	
0.150481	
0.138927	
0.122146	
0.146630	
0.130399	
0.143879	
0.155983	
0.162861	
0.169464	
0.171389	
0.159835	
0.163137	
0.136451	
0.129023	
0.137552	
0.132325	
0.134801	
0.139477	
0.000000	
