451.003000
451.733000
452.006000
452.645000
453.101000
453.557000
453.921000
454.104000
454.286000
455.289000
455.745000
455.836000
456.201000
456.840000
457.113000
457.387000
458.390000
459.575000
460.214000
460.761000
461.582000
463.223000
463.497000
464.135000
464.500000
465.868000
466.689000
466.871000
467.327000
467.874000
468.330000
468.968000
469.607000
470.063000
470.701000
471.431000
471.978000
472.343000
472.890000
474.242000
474.470000
474.850000
475.230000
475.838000
476.370000
476.826000
477.054000
477.890000
477.966000
478.954000
479.410000
480.094000
480.702000
481.234000
481.538000
482.526000
483.134000
483.590000
483.818000
484.654000
485.034000
485.414000
486.022000
486.858000
487.390000
487.922000
488.757000
489.441000
489.973000
490.885000
491.493000
492.025000
492.405000
493.469000
494.761000
495.293000
495.673000
496.357000
496.585000
497.193000
497.345000
497.649000
498.409000
499.017000
499.473000
499.853000
500.005000
500.461000
500.689000
501.069000
501.449000
501.905000
502.361000
502.665000
504.260000
505.248000
506.084000
506.236000
506.768000
507.224000
507.832000
508.440000
509.352000
511.176000
511.404000
513.152000
514.444000
515.432000
515.584000
516.496000
517.940000
518.776000
519.535000
520.903000
521.283000
522.119000
522.803000
523.107000
524.931000
525.235000
526.451000
528.123000
528.579000
529.719000
531.467000
531.771000
532.911000
533.367000
533.671000
534.127000
534.431000
534.886000
535.266000
535.570000
535.950000
536.254000
536.634000
536.938000
537.394000
538.230000
538.838000
539.598000
540.054000
540.434000
540.890000
541.194000
541.726000
542.258000
542.714000
543.094000
544.006000
544.538000
544.994000
545.450000
545.678000
545.982000
546.894000
547.046000
547.122000
547.198000
547.350000
547.426000
547.806000
548.110000
548.718000
549.098000
549.934000
550.465000
551.301000
552.517000
552.897000
553.809000
554.645000
556.089000
556.773000
557.381000
557.989000
558.521000
559.357000
559.585000
559.965000
560.877000
564.449000
565.437000
565.892000
566.728000
567.260000
567.640000
567.792000
568.020000
568.248000
568.856000
569.312000
569.540000
569.920000
570.528000
570.832000
571.440000
571.972000
572.808000
573.492000
574.024000
574.632000
575.392000
575.544000
575.848000
576.532000
576.912000
578.052000
578.508000
579.040000
579.648000
579.876000
580.332000
581.395000
582.307000
582.991000
584.055000
585.271000
586.031000
587.171000
587.779000
588.235000
588.691000
589.831000
590.439000
591.503000
592.491000
593.327000
593.859000
594.543000
595.303000
596.063000
597.050000
598.874000
599.938000
600.774000
600.850000
601.686000
602.598000
604.194000
605.106000
606.094000
607.614000
608.146000
608.602000
609.134000
609.362000
609.438000
609.818000
610.122000
610.578000
610.654000
610.730000
610.806000
611.034000
611.414000
611.793000
612.021000
612.249000
612.553000
613.085000
613.617000
613.921000
614.453000
615.517000
616.505000
617.189000
617.493000
618.937000
619.697000
620.457000
621.521000
621.977000
622.965000
624.105000
624.637000
626.081000
626.309000
626.841000
628.208000
629.120000
629.728000
630.792000
631.628000
631.856000
632.160000
632.540000
633.452000
634.060000
634.516000
635.732000
635.960000
636.872000
637.784000
638.772000
639.912000
640.824000
641.584000
642.268000
642.799000
643.255000
643.635000
644.243000
644.927000
645.459000
646.219000
647.587000
649.031000
650.399000
651.007000
651.615000
652.147000
652.907000
654.275000
656.099000
656.707000
658.378000
658.986000
659.974000
661.722000
663.166000
663.850000
665.370000
666.282000
667.194000
668.258000
668.790000
669.474000
670.690000
671.602000
672.286000
672.590000
673.501000
673.729000
674.793000
676.161000
677.605000
678.973000
680.417000
681.861000
683.001000
683.305000
683.685000
684.673000
685.813000
686.041000
686.573000
687.713000
688.472000
689.004000
690.144000
691.208000
693.564000
694.628000
695.920000
696.224000
696.756000
697.744000
698.504000
698.960000
699.492000
700.252000
701.468000
702.608000
704.735000
705.419000
706.787000
708.003000
708.535000
709.143000
710.815000
712.259000
713.475000
713.627000
714.387000
715.831000
715.983000
716.971000
718.035000
719.023000
721.226000
722.214000
723.278000
724.874000
726.014000
727.838000
728.750000
729.890000
731.410000
733.766000
735.437000
736.729000
737.945000
739.009000
740.377000
741.517000
742.429000
743.037000
743.645000
745.165000
746.229000
747.217000
748.965000
749.725000
751.852000
752.688000
754.436000
755.272000
756.488000
758.160000
758.920000
760.516000
762.188000
762.340000
762.796000
763.708000
764.544000
764.924000
765.759000
767.127000
768.343000
769.407000
770.091000
770.775000
771.459000
772.219000
772.751000
774.803000
775.259000
776.475000
777.311000
778.147000
779.667000
780.199000
781.566000
781.946000
783.162000
784.758000
784.910000
785.670000
786.430000
787.570000
788.482000
790.306000
791.370000
791.446000
792.206000
792.814000
793.802000
794.486000
796.537000
796.993000
798.437000
800.033000
800.337000
800.793000
802.389000
802.845000
803.833000
804.821000
806.797000
807.633000
808.469000
809.457000
810.141000
810.597000
810.901000
811.584000
812.116000
812.724000
812.800000
813.028000
814.700000
814.776000
817.056000
817.132000
817.360000
817.664000
818.120000
818.272000
818.956000
819.716000
819.944000
820.096000
820.476000
821.008000
821.312000
821.844000
822.908000
823.516000
824.048000
825.264000
826.935000
827.315000
828.455000
829.747000
830.431000
830.811000
831.571000
832.407000
833.851000
834.155000
835.295000
835.827000
836.283000
836.739000
837.347000
838.411000
839.399000
840.311000
841.071000
842.514000
842.970000
843.578000
844.338000
844.946000
845.858000
846.998000
847.530000
848.518000
849.810000
