0	60.000000	61.000000	62.000000	63.000000	64.000000	65.000000	66.000000	67.000000	68.000000	69.000000	70.000000	71.000000	72.000000	73.000000	74.000000	75.000000	76.000000	77.000000	78.000000	79.000000	80.000000	
0.300000	3.018385	3.138811	3.269499	3.411876	3.567645	3.738845	3.927940	4.137933	4.372516	4.636272	4.934951	5.275852	5.668352	6.124664	6.660934	7.298852	8.068082	9.009989	10.183520	11.674720	13.612587	
0.302000	2.945062	3.063003	3.191034	3.330564	3.483273	3.651172	3.836697	4.042813	4.273168	4.532292	4.825872	5.161126	5.547333	5.996580	6.524849	7.153613	7.912238	8.841680	10.000287	11.473211	13.388054	
0.304000	2.874187	2.989726	3.115190	3.251969	3.401720	3.566431	3.748506	3.950874	4.177143	4.431790	4.720441	5.050237	5.430360	5.872774	6.393302	7.013205	7.761561	8.678921	9.823049	11.278219	13.170663	
0.306000	2.805664	2.918882	3.041864	3.175984	3.322877	3.484506	3.663245	3.861992	4.084310	4.334631	4.618516	4.943034	5.317272	5.753076	6.266113	6.877436	7.615844	8.521490	9.651567	11.089484	12.960128	
0.308000	2.739400	2.850374	2.970958	3.102507	3.246636	3.405286	3.580801	3.776046	3.994545	4.240681	4.519958	4.839371	5.207917	5.637325	6.143110	6.746125	7.474892	8.369177	9.485611	10.906758	12.756176	
0.310000	2.675308	2.784112	2.902376	3.031439	3.172897	3.328665	3.501063	3.692922	3.907728	4.149817	4.424636	4.739111	5.102148	5.525365	6.024129	6.619096	7.338517	8.221781	9.324965	10.729802	12.558547	
0.312000	2.613304	2.720009	2.836030	2.962689	3.101563	3.254545	3.423927	3.612511	3.823744	4.061918	4.332425	4.642121	4.999827	5.417051	5.909014	6.496182	7.206541	8.079109	9.169420	10.558390	12.366990	
0.314000	2.553307	2.657982	2.771833	2.896167	3.032541	3.182827	3.349293	3.534708	3.742485	3.976871	4.243204	4.548275	4.900821	5.312241	5.797616	6.377224	7.078794	7.940977	9.018777	10.392306	12.181269	
0.316000	2.495241	2.597952	2.709703	2.831788	2.965743	3.113421	3.277065	3.459414	3.663846	3.894566	4.156860	4.457453	4.805002	5.210800	5.689792	6.262070	6.955111	7.807210	8.872847	10.231342	12.001157	
0.318000	2.439033	2.539842	2.649563	2.769470	2.901085	3.046239	3.207151	3.386533	3.587728	3.814900	4.073283	4.369541	4.712249	5.112600	5.585404	6.150573	6.835338	7.677640	8.731448	10.075300	11.826435	
0.320000	2.384612	2.483582	2.591336	2.709135	2.838485	2.981197	3.139465	3.315975	3.514036	3.737771	3.992368	4.284427	4.622446	5.017518	5.484323	6.042596	6.719326	7.552108	8.594405	9.923992	11.656896	
0.322000	2.331911	2.429100	2.534951	2.650711	2.777868	2.918214	3.073923	3.247651	3.442678	3.663086	3.914016	4.202006	4.535482	4.925437	5.386424	5.938005	6.606930	7.430458	8.461554	9.777237	11.492343	
0.324000	2.280868	2.376332	2.480340	2.594124	2.719158	2.857214	3.010444	3.181479	3.373567	3.590753	3.838129	4.122178	4.451250	4.836244	5.291586	5.836672	6.498016	7.312545	8.332735	9.634861	11.332584	
0.326000	2.231419	2.325213	2.427436	2.539307	2.662285	2.798123	2.948953	3.117380	3.306620	3.520684	3.764618	4.044846	4.369649	4.749831	5.199697	5.738476	6.392453	7.198229	8.207797	9.496699	11.177439	
0.328000	2.183506	2.275683	2.376177	2.486196	2.607181	2.740871	2.889375	3.055275	3.241758	3.452796	3.693393	3.969919	4.290581	4.666095	5.110646	5.643299	6.290116	7.087374	8.086593	9.362592	11.026734	
0.330000	2.137074	2.227684	2.326503	2.434727	2.553782	2.685391	2.831642	2.995093	3.178903	3.387009	3.624371	3.897306	4.213953	4.584938	5.024328	5.551030	6.190885	6.979852	7.968985	9.232390	10.880302	
0.332000	2.092068	2.181160	2.278356	2.384840	2.502026	2.631618	2.775685	2.936763	3.117982	3.323246	3.557472	3.826925	4.139676	4.506265	4.940644	5.461563	6.094645	6.875539	7.854839	9.105946	10.737985	
0.334000	2.048437	2.136057	2.231681	2.336480	2.451853	2.579490	2.721441	2.880219	3.058926	3.261434	3.492619	3.758693	4.067664	4.429986	4.859496	5.374794	6.001288	6.774318	7.744027	8.983122	10.599629	
0.336000	2.006132	2.092325	2.186425	2.289589	2.403206	2.528948	2.668848	2.825395	3.001667	3.201502	3.429737	3.692534	3.997836	4.356013	4.780794	5.290626	5.910707	6.676076	7.636428	8.863785	10.465089	
0.338000	1.965104	2.049915	2.142537	2.244117	2.356031	2.479935	2.617846	2.772230	2.946141	3.143383	3.368756	3.628372	3.930112	4.284264	4.704448	5.208964	5.822802	6.580704	7.531923	8.747806	10.334224	
0.340000	1.925309	2.008779	2.099968	2.200013	2.310275	2.432398	2.568379	2.720666	2.892285	3.087013	3.309608	3.566137	3.864417	4.214659	4.630374	5.129718	5.737476	6.488098	7.430400	8.635064	10.206901	
0.342000	1.886703	1.968873	2.058673	2.157227	2.265888	2.386283	2.520393	2.670645	2.840042	3.032329	3.252228	3.505759	3.800680	4.147121	4.558491	5.052801	5.654637	6.398158	7.331752	8.525440	10.082991	
0.344000	1.849245	1.930154	2.018605	2.115715	2.222822	2.341541	2.473835	2.622113	2.789353	2.979271	3.196554	3.447173	3.738830	4.081577	4.488721	4.978131	5.574195	6.310789	7.235875	8.418824	9.962372	
0.346000	1.812893	1.892579	1.979723	2.075431	2.181031	2.298123	2.428656	2.575019	2.740165	2.927783	3.142525	3.390316	3.678801	4.017957	4.420989	4.905627	5.496066	6.225899	7.142670	8.315106	9.844923	
0.348000	1.777611	1.856110	1.941985	2.036333	2.140470	2.255984	2.384808	2.529311	2.692425	2.877810	3.090084	3.335128	3.620530	3.956193	4.355223	4.835214	5.420168	6.143400	7.052042	8.214183	9.730534	
0.350000	1.743360	1.820707	1.905351	1.998380	2.101097	2.215080	2.342244	2.484942	2.646083	2.829300	3.039176	3.281550	3.563955	3.896221	4.291355	4.766817	5.346421	6.063208	6.963899	8.115956	9.619094	
0.352000	1.710106	1.786335	1.869784	1.961532	2.062872	2.175367	2.300920	2.441865	2.601090	2.782201	2.989748	3.229528	3.509018	3.837977	4.229318	4.700367	5.274752	5.985241	6.878154	8.020330	9.510499	
0.354000	1.677814	1.752959	1.835248	1.925751	2.025754	2.136805	2.260795	2.400038	2.557401	2.736466	2.941749	3.179006	3.455661	3.781403	4.169049	4.635796	5.205086	5.909422	6.794722	7.927213	9.404650	
0.356000	1.646452	1.720543	1.801706	1.891002	1.989706	2.099356	2.221826	2.359416	2.514971	2.692048	2.895130	3.129934	3.403831	3.726441	4.110487	4.573039	5.137356	5.835676	6.713524	7.836518	9.301450	
0.358000	1.615989	1.689057	1.769126	1.857250	1.954692	2.062980	2.183975	2.319959	2.473757	2.648902	2.849844	3.082262	3.353476	3.673036	4.053574	4.512033	5.071493	5.763931	6.634480	7.748159	9.200807	
0.360000	1.586393	1.658468	1.737475	1.824460	1.920677	2.027643	2.147204	2.281627	2.433719	2.606984	2.805847	3.035944	3.304544	3.621134	3.998252	4.452718	5.007434	5.694118	6.557517	7.662056	9.102632	
0.362000	1.557637	1.628747	1.706722	1.792601	1.887628	1.993309	2.111477	2.244384	2.394816	2.566255	2.763094	2.990932	3.256990	3.570685	3.944469	4.395037	4.945116	5.626170	6.482563	7.578131	9.006840	
0.364000	1.529692	1.599864	1.676838	1.761642	1.855513	1.959945	2.076760	2.208192	2.357011	2.526674	2.721544	2.947184	3.210765	3.521639	3.892172	4.338935	4.884482	5.560024	6.409549	7.496309	8.913350	
0.366000	1.502531	1.571793	1.647792	1.731552	1.824300	1.927519	2.043018	2.173017	2.320267	2.488202	2.681157	2.904658	3.165825	3.473951	3.841311	4.284357	4.825473	5.495619	6.338409	7.416519	8.822082	
0.368000	1.476130	1.544506	1.619559	1.702304	1.793960	1.895999	2.010219	2.138826	2.284549	2.450804	2.641895	2.863311	3.122128	3.427573	3.791837	4.231253	4.768035	5.432896	6.269079	7.338691	8.732962	
0.370000	1.450461	1.517978	1.592111	1.673870	1.764464	1.865357	1.978333	2.105585	2.249824	2.414443	2.603719	2.823107	3.079633	3.382464	3.743705	4.179574	4.712115	5.371798	6.201498	7.262759	8.645917	
0.372000	1.425503	1.492183	1.565423	1.646223	1.735785	1.835563	1.947330	2.073263	2.216059	2.379086	2.566595	2.784006	3.038299	3.338580	3.696871	4.129271	4.657662	5.312270	6.135607	7.188659	8.560877	
0.374000	1.401232	1.467099	1.539470	1.619337	1.707896	1.806590	1.917181	2.041832	2.183222	2.344699	2.530488	2.745973	2.998089	3.295881	3.651290	4.080300	4.604627	5.254260	6.071350	7.116329	8.477775	
0.376000	1.377625	1.442703	1.514228	1.593189	1.680772	1.778411	1.887858	2.011261	2.151283	2.311252	2.495366	2.708973	2.958966	3.254329	3.606922	4.032616	4.552964	5.197717	6.008672	7.045710	8.396547	
0.378000	1.354663	1.418971	1.489675	1.567754	1.654388	1.751001	1.859335	1.981524	2.120215	2.278714	2.461195	2.672972	2.920894	3.213886	3.563728	3.986177	4.502627	5.142594	5.947520	6.976746	8.317130	
0.380000	1.332323	1.395884	1.465789	1.543010	1.628720	1.724336	1.831586	1.952593	2.089987	2.247056	2.427946	2.637938	2.883839	3.174516	3.521668	3.940942	4.453573	5.088842	5.887844	6.909382	8.239464	
0.382000	1.310586	1.373421	1.442548	1.518935	1.603746	1.698391	1.804586	1.924443	2.060575	2.216250	2.395588	2.603841	2.847770	3.136185	3.480707	3.896872	4.405759	5.036417	5.829596	6.843565	8.163494	
0.384000	1.289433	1.351561	1.419931	1.495507	1.579444	1.673144	1.778312	1.897049	2.031951	2.186268	2.364094	2.570649	2.812653	3.098858	3.440808	3.853930	4.359145	4.985276	5.772728	6.779244	8.089162	
0.386000	1.268847	1.330286	1.397921	1.472706	1.555793	1.648572	1.752741	1.870387	2.004091	2.157084	2.333436	2.538335	2.778458	3.062504	3.401937	3.812078	4.313693	4.935377	5.717196	6.716370	8.016416	
0.388000	1.248808	1.309578	1.376497	1.450513	1.532771	1.624655	1.727851	1.844434	1.976971	2.128673	2.303587	2.506870	2.745157	3.027091	3.364062	3.771281	4.269364	4.886679	5.662956	6.654897	7.945205	
0.390000	1.229301	1.289420	1.355640	1.428909	1.510361	1.601372	1.703620	1.819168	1.950567	2.101011	2.274523	2.476227	2.712721	2.992590	3.327150	3.731507	4.226122	4.839144	5.609966	6.594779	7.875479	
0.392000	1.210309	1.269793	1.335335	1.407875	1.488541	1.578703	1.680028	1.794567	1.924858	2.074075	2.246217	2.446381	2.681122	2.958972	3.291171	3.692722	4.183934	4.792734	5.558187	6.535973	7.807191	
0.394000	1.191815	1.250682	1.315563	1.387393	1.467296	1.556630	1.657056	1.770611	1.899821	2.047841	2.218648	2.417307	2.650335	2.926209	3.256096	3.654894	4.142763	4.747414	5.507579	6.478436	7.740295	
0.396000	1.173805	1.232070	1.296308	1.367448	1.446605	1.535134	1.634683	1.747280	1.875436	2.022288	2.191791	2.388981	2.620333	2.894274	3.221896	3.617994	4.102580	4.703148	5.458104	6.422129	7.674748	
0.398000	1.156263	1.213944	1.277555	1.348022	1.426454	1.514197	1.612892	1.724555	1.851682	1.997395	2.165625	2.361379	2.591093	2.863141	3.188543	3.581992	4.063353	4.659903	5.409727	6.367011	7.610506	
0.400000	1.139176	1.196287	1.259288	1.329099	1.406825	1.493803	1.591665	1.702416	1.828541	1.973142	2.140129	2.334478	2.562591	2.832786	3.156011	3.546860	4.025050	4.617647	5.362413	6.313046	7.547529	
0.402000	1.122530	1.179085	1.241493	1.310665	1.387702	1.473934	1.570984	1.680847	1.805994	1.949509	2.115281	2.308259	2.534803	2.803183	3.124275	3.512570	3.987644	4.576348	5.316129	6.260197	7.485778	
0.404000	1.106312	1.162326	1.224154	1.292705	1.369070	1.454575	1.550834	1.659831	1.784022	1.926477	2.091063	2.282699	2.507709	2.774310	3.093309	3.479097	3.951106	4.535977	5.270842	6.208429	7.425214	
0.406000	1.090508	1.145996	1.207260	1.275204	1.350915	1.435711	1.531198	1.639349	1.762608	1.904028	2.067454	2.257778	2.481286	2.746145	3.063091	3.446415	3.915409	4.496504	5.226520	6.157709	7.365801	
0.408000	1.075107	1.130081	1.190795	1.258148	1.333222	1.417327	1.512060	1.619386	1.741736	1.882144	2.044437	2.233477	2.455514	2.718665	3.033596	3.414500	3.880527	4.457902	5.183134	6.108004	7.307504	
0.410000	1.060097	1.114570	1.174748	1.241525	1.315977	1.399408	1.493407	1.599928	1.721388	1.860809	2.021993	2.209777	2.430374	2.691850	3.004803	3.383328	3.846435	4.420143	5.140655	6.059283	7.250289	
0.412000	1.045465	1.099451	1.159107	1.225322	1.299168	1.381941	1.475223	1.580957	1.701551	1.840006	2.000106	2.186661	2.405846	2.665680	2.976690	3.352876	3.813108	4.383201	5.099055	6.011515	7.194122	
0.414000	1.031201	1.084712	1.143858	1.209526	1.282780	1.364912	1.457494	1.562461	1.682207	1.819718	1.978758	2.164110	2.381912	2.640134	2.949236	3.323122	3.780523	4.347052	5.058306	5.964671	7.138973	
0.416000	1.017294	1.070342	1.128991	1.194125	1.266802	1.348308	1.440208	1.544426	1.663343	1.799932	1.957934	2.142107	2.358554	2.615195	2.922422	3.294045	3.748657	4.311671	5.018383	5.918724	7.084810	
0.418000	1.003734	1.056330	1.114495	1.179108	1.251223	1.332117	1.423351	1.526836	1.644944	1.780631	1.937618	2.120637	2.335755	2.590843	2.896229	3.265624	3.717488	4.277034	4.979261	5.873645	7.031605	
0.420000	0.990511	1.042666	1.100359	1.164464	1.236029	1.316328	1.406910	1.509680	1.626997	1.761801	1.917795	2.099683	2.313497	2.567062	2.870636	3.237840	3.686996	4.243119	4.940914	5.829410	6.979329	
0.422000	0.977615	1.029340	1.086572	1.150181	1.221211	1.300927	1.390873	1.492945	1.609489	1.743430	1.898451	2.079230	2.291766	2.543834	2.845628	3.210673	3.657159	4.209904	4.903320	5.785991	6.927955	
0.424000	0.965036	1.016342	1.073125	1.136250	1.206756	1.285904	1.375230	1.476619	1.592406	1.725502	1.879571	2.059264	2.270545	2.521143	2.821185	3.184104	3.627958	4.177368	4.866456	5.743366	6.877456	
0.426000	0.952765	1.003662	1.060007	1.122660	1.192656	1.271249	1.359968	1.460689	1.575737	1.708006	1.861141	2.039769	2.249819	2.498972	2.797291	3.158117	3.599373	4.145490	4.830300	5.701511	6.827806	
0.428000	0.940794	0.991292	1.047209	1.109401	1.178898	1.256950	1.345076	1.445145	1.559469	1.690929	1.843150	2.020733	2.229574	2.477307	2.773930	3.132693	3.571387	4.114251	4.794831	5.660402	6.778982	
0.430000	0.929114	0.979223	1.034723	1.096465	1.165475	1.242997	1.330543	1.429975	1.543590	1.674258	1.825583	2.002141	2.209795	2.456132	2.751086	3.107815	3.543982	4.083631	4.760028	5.620018	6.730959	
0.432000	0.917718	0.967447	1.022538	1.083841	1.152376	1.229380	1.316361	1.415168	1.528091	1.657982	1.808429	1.983982	2.190469	2.435434	2.728744	3.083469	3.517139	4.053613	4.725872	5.580338	6.683714	
0.434000	0.906596	0.955954	1.010648	1.071522	1.139592	1.216091	1.302518	1.400714	1.512959	1.642090	1.791676	1.966242	2.171584	2.415197	2.706889	3.059637	3.490843	4.024178	4.692343	5.541341	6.637226	
0.436000	0.895741	0.944738	0.999043	1.059498	1.127115	1.203119	1.289004	1.386604	1.498184	1.626570	1.775312	1.948909	2.153125	2.395410	2.685506	3.036304	3.465077	3.995309	4.659424	5.503007	6.591472	
0.438000	0.885147	0.933790	0.987715	1.047761	1.114934	1.190456	1.275812	1.372827	1.483757	1.611413	1.759325	1.931972	2.135081	2.376058	2.664583	3.013457	3.439827	3.966989	4.627096	5.465317	6.546433	
0.440000	0.874804	0.923103	0.976658	1.036303	1.103044	1.178093	1.262931	1.359374	1.469667	1.596607	1.743707	1.915419	2.117439	2.357129	2.644105	2.991080	3.415075	3.939203	4.595342	5.428252	6.502088	
0.442000	0.864708	0.912669	0.965862	1.025117	1.091434	1.166021	1.250353	1.346236	1.455905	1.582143	1.728445	1.899239	2.100189	2.338611	2.624060	2.969161	3.390809	3.911935	4.564146	5.391796	6.458417	
0.444000	0.854850	0.902482	0.955322	1.014195	1.080098	1.154233	1.238069	1.333403	1.442461	1.568011	1.713530	1.883422	2.083319	2.320492	2.604435	2.947685	3.367014	3.885169	4.533491	5.355929	6.415404	
0.446000	0.845225	0.892536	0.945029	1.003530	1.069028	1.142721	1.226071	1.320869	1.429327	1.554202	1.698951	1.867957	2.066817	2.302760	2.585218	2.926641	3.343676	3.858892	4.503362	5.320637	6.373029	
0.448000	0.835825	0.882822	0.934978	0.993114	1.058216	1.131477	1.214352	1.308623	1.416494	1.540706	1.684701	1.852835	2.050675	2.285405	2.566397	2.906015	3.320782	3.833089	4.473743	5.285903	6.331274	
0.450000	0.826646	0.873336	0.925162	0.982941	1.047656	1.120494	1.202903	1.296659	1.403954	1.527515	1.670768	1.838045	2.034881	2.268416	2.547961	2.885795	3.298320	3.807746	4.444621	5.251710	6.290124	
0.452000	0.817680	0.864070	0.915574	0.973004	1.037340	1.109764	1.191718	1.284968	1.391698	1.514621	1.657145	1.823578	2.019425	2.251782	2.529899	2.865971	3.276276	3.782850	4.415981	5.218045	6.249562	
0.454000	0.808922	0.855019	0.906208	0.963297	1.027262	1.099281	1.180788	1.273544	1.379719	1.502015	1.643822	1.809426	2.004299	2.235493	2.512201	2.846530	3.254640	3.758389	4.387810	5.184892	6.209573	
0.456000	0.800367	0.846177	0.897057	0.953813	1.017416	1.089037	1.170108	1.262377	1.368009	1.489690	1.630792	1.795580	1.989492	2.219540	2.494855	2.827461	3.233398	3.734351	4.360094	5.152237	6.170141	
0.458000	0.792009	0.837539	0.888118	0.944547	1.007794	1.079028	1.159669	1.251463	1.356560	1.477637	1.618047	1.782030	1.974996	2.203913	2.477852	2.808755	3.212541	3.710722	4.332820	5.120067	6.131251	
0.460000	0.783842	0.829099	0.879382	0.935493	0.998392	1.069245	1.149466	1.240793	1.345366	1.465849	1.605577	1.768769	1.960802	2.188603	2.461183	2.790401	3.192057	3.687492	4.305977	5.088369	6.092889	
0.462000	0.775862	0.820851	0.870846	0.926644	0.989204	1.059683	1.139493	1.230361	1.334420	1.454318	1.593376	1.755789	1.946902	2.173601	2.444837	2.772388	3.171935	3.664650	4.279553	5.057129	6.055042	
0.464000	0.768064	0.812791	0.862504	0.917996	0.980222	1.050336	1.129742	1.220161	1.323714	1.443039	1.581437	1.743081	1.933288	2.158898	2.428807	2.754708	3.152166	3.642184	4.253535	5.026336	6.017697	
0.466000	0.760443	0.804914	0.854351	0.909543	0.971443	1.041199	1.120209	1.210187	1.313243	1.432003	1.569752	1.730639	1.919951	2.144486	2.413082	2.737350	3.132740	3.620085	4.227913	4.995978	5.980840	
0.468000	0.752994	0.797215	0.846381	0.901280	0.962860	1.032265	1.110887	1.200431	1.303000	1.421205	1.558314	1.718456	1.906884	2.130358	2.397655	2.720307	3.113646	3.598341	4.202675	4.966043	5.944460	
0.470000	0.745713	0.789688	0.838590	0.893202	0.954469	1.023529	1.101770	1.190889	1.292979	1.410637	1.547117	1.706523	1.894080	2.116504	2.382517	2.703568	3.094877	3.576944	4.177813	4.936519	5.908543	
0.472000	0.738595	0.782331	0.830973	0.885305	0.946264	1.014987	1.092854	1.181555	1.283173	1.400294	1.536154	1.694835	1.881531	2.102918	2.367660	2.687127	3.076422	3.555884	4.153314	4.907397	5.873080	
0.474000	0.731636	0.775137	0.823526	0.877582	0.938241	1.006632	1.084132	1.172423	1.273578	1.390170	1.525419	1.683384	1.869231	2.089593	2.353077	2.670973	3.058273	3.535151	4.129170	4.878665	5.838058	
0.476000	0.724833	0.768104	0.816244	0.870030	0.930394	0.998461	1.075601	1.163488	1.264187	1.380259	1.514905	1.672164	1.857172	2.076520	2.338759	2.655101	3.040422	3.514736	4.105372	4.850314	5.803466	
0.478000	0.718180	0.761226	0.809123	0.862645	0.922719	0.990468	1.067253	1.154745	1.254995	1.370554	1.504607	1.661169	1.845348	2.063693	2.324701	2.639501	3.022861	3.494631	4.081909	4.822333	5.769294	
0.480000	0.711675	0.754500	0.802159	0.855422	0.915212	0.982648	1.059086	1.146188	1.245997	1.361051	1.494518	1.650393	1.833752	2.051106	2.310893	2.624166	3.005581	3.474828	4.058772	4.794714	5.735533	
0.482000	0.705312	0.747922	0.795348	0.848356	0.907868	0.974997	1.051094	1.137812	1.237188	1.351744	1.484634	1.639830	1.822379	2.038752	2.297330	2.609090	2.988574	3.455318	4.035955	4.767447	5.702171	
0.484000	0.699090	0.741488	0.788685	0.841444	0.900683	0.967511	1.043272	1.129614	1.228562	1.342628	1.474949	1.629474	1.811223	2.026624	2.284006	2.594264	2.971835	3.436093	4.013447	4.740523	5.669200	
0.486000	0.693003	0.735195	0.782167	0.834682	0.893653	0.960185	1.035617	1.121588	1.220115	1.333698	1.465457	1.619320	1.800277	2.014717	2.270912	2.579683	2.955354	3.417147	3.991241	4.713934	5.636610	
0.488000	0.687050	0.729038	0.775791	0.828066	0.886774	0.953015	1.028123	1.113730	1.211843	1.324949	1.456153	1.609362	1.789535	2.003024	2.258044	2.565339	2.939126	3.398471	3.969329	4.687671	5.604393	
0.490000	0.681225	0.723015	0.769552	0.821592	0.880043	0.945998	1.020787	1.106035	1.203739	1.316376	1.447032	1.599595	1.778994	1.991540	2.245395	2.551227	2.923144	3.380058	3.947704	4.661726	5.572539	
0.492000	0.675527	0.717122	0.763448	0.815257	0.873454	0.939128	1.013604	1.098499	1.195801	1.307974	1.438090	1.590014	1.768646	1.980259	2.232959	2.537339	2.907400	3.361902	3.926358	4.636092	5.541041	
0.494000	0.669951	0.711355	0.757474	0.809057	0.867005	0.932403	1.006571	1.091118	1.188024	1.299740	1.429322	1.580614	1.758487	1.969175	2.220731	2.523670	2.891889	3.343995	3.905284	4.610760	5.509890	
0.496000	0.664495	0.705712	0.751628	0.802989	0.860692	0.925819	0.999684	1.083889	1.180404	1.291668	1.420723	1.571390	1.748512	1.958284	2.208705	2.510215	2.876604	3.326331	3.884476	4.585724	5.479078	
0.498000	0.659156	0.700190	0.745906	0.797048	0.854512	0.919373	0.992939	1.076806	1.172936	1.283755	1.412288	1.562337	1.738716	1.947580	2.196875	2.496966	2.861540	3.308905	3.863925	4.560977	5.448598	
0.500000	0.653931	0.694785	0.740305	0.791233	0.848461	0.913059	0.986332	1.069867	1.165616	1.275996	1.404014	1.553452	1.729094	1.937058	2.185236	2.483920	2.846691	3.291709	3.843627	4.536511	5.418443	
0.502000	0.648817	0.689494	0.734822	0.785540	0.842535	0.906876	0.979860	1.063067	1.158442	1.268387	1.395897	1.544729	1.719642	1.926714	2.173784	2.471070	2.832050	3.274737	3.823574	4.512320	5.388605	
0.504000	0.643812	0.684315	0.729454	0.779966	0.836733	0.900821	0.973519	1.056404	1.151409	1.260925	1.387931	1.536164	1.710355	1.916542	2.162513	2.458411	2.817613	3.257985	3.803762	4.488398	5.359078	
0.506000	0.638911	0.679245	0.724199	0.774508	0.831051	0.894889	0.967306	1.049873	1.144513	1.253606	1.380114	1.527754	1.701229	1.906539	2.151418	2.445939	2.803374	3.241447	3.784183	4.464738	5.329854	
0.508000	0.634114	0.674281	0.719053	0.769163	0.825485	0.889077	0.961219	1.043471	1.137751	1.246425	1.372441	1.519494	1.692259	1.896699	2.140495	2.433648	2.789328	3.225116	3.764832	4.441334	5.300927	
0.510000	0.629418	0.669421	0.714015	0.763928	0.820033	0.883383	0.955253	1.037196	1.131119	1.239380	1.364908	1.511380	1.683442	1.887018	2.129740	2.421534	2.775471	3.208988	3.745703	4.418180	5.272292	
0.512000	0.624819	0.664662	0.709080	0.758800	0.814693	0.877804	0.949405	1.031043	1.124615	1.232466	1.357513	1.503409	1.674773	1.877493	2.119147	2.409591	2.761796	3.193058	3.726792	4.395271	5.243941	
0.514000	0.620316	0.660001	0.704247	0.753778	0.809460	0.872337	0.943674	1.025010	1.118235	1.225682	1.350251	1.495576	1.666249	1.868119	2.108713	2.397817	2.748300	3.177321	3.708093	4.372601	5.215869	
0.516000	0.615907	0.655436	0.699513	0.748857	0.804333	0.866979	0.938055	1.019093	1.111975	1.219022	1.343119	1.487879	1.657866	1.858892	2.098434	2.386205	2.734979	3.161771	3.689601	4.350165	5.188071	
0.518000	0.611588	0.650966	0.694876	0.744037	0.799309	0.861727	0.932546	1.013291	1.105834	1.212485	1.336113	1.480313	1.649620	1.849809	2.088305	2.374753	2.721827	3.146405	3.671311	4.327958	5.160540	
0.520000	0.607359	0.646586	0.690333	0.739314	0.794386	0.856579	0.927144	1.007599	1.099807	1.206066	1.329231	1.472876	1.641507	1.840865	2.078323	2.363455	2.708840	3.131218	3.653218	4.305974	5.133271	
0.522000	0.603216	0.642297	0.685882	0.734685	0.789560	0.851533	0.921847	1.002015	1.093892	1.199764	1.322470	1.465563	1.633525	1.832057	2.068483	2.352309	2.696014	3.116206	3.635318	4.284209	5.106259	
0.524000	0.599158	0.638094	0.681521	0.730150	0.784830	0.846584	0.916651	0.996537	1.088086	1.193574	1.315825	1.458373	1.625670	1.823382	2.058783	2.341309	2.683346	3.101364	3.617606	4.262658	5.079499	
0.526000	0.595182	0.633976	0.677248	0.725705	0.780193	0.841733	0.911555	0.991161	1.082386	1.187495	1.309295	1.451301	1.617938	1.814836	2.049219	2.330454	2.670830	3.086687	3.600079	4.241317	5.052987	
0.528000	0.591287	0.629942	0.673060	0.721347	0.775647	0.836974	0.906556	0.985886	1.076790	1.181523	1.302876	1.444344	1.610326	1.806416	2.039786	2.319737	2.658465	3.072174	3.582731	4.220180	5.026716	
0.530000	0.587471	0.625988	0.668956	0.717076	0.771190	0.832308	0.901652	0.980708	1.071295	1.175655	1.296566	1.437500	1.602832	1.798118	2.030482	2.309157	2.646244	3.057818	3.565559	4.199244	5.000683	
0.532000	0.583731	0.622114	0.664933	0.712889	0.766820	0.827731	0.896839	0.975625	1.065899	1.169890	1.290361	1.430766	1.595453	1.789940	2.021304	2.298710	2.634166	3.043617	3.548558	4.178505	4.974883	
0.534000	0.580067	0.618316	0.660990	0.708784	0.762534	0.823241	0.892117	0.970636	1.060599	1.164224	1.284260	1.424140	1.588184	1.781878	2.012248	2.288393	2.622227	3.029567	3.531726	4.157958	4.949312	
0.536000	0.576476	0.614594	0.657124	0.704759	0.758330	0.818836	0.887483	0.965737	1.055392	1.158655	1.278258	1.417617	1.581024	1.773930	2.003311	2.278201	2.610423	3.015664	3.515058	4.137600	4.923966	
0.538000	0.572956	0.610946	0.653334	0.700812	0.754207	0.814514	0.882934	0.960927	1.050277	1.153180	1.272355	1.411196	1.573970	1.766092	1.994491	2.268133	2.598751	3.001906	3.498551	4.117427	4.898840	
0.540000	0.569506	0.607370	0.649618	0.696941	0.750162	0.810273	0.878468	0.956203	1.045251	1.147798	1.266547	1.404874	1.567020	1.758362	1.985783	2.258185	2.587208	2.988288	3.482200	4.097434	4.873930	
0.542000	0.566124	0.603863	0.645974	0.693144	0.746194	0.806110	0.874084	0.951562	1.040312	1.142505	1.260833	1.398649	1.560169	1.750737	1.977187	2.248354	2.575791	2.974807	3.466004	4.077620	4.849234	
0.544000	0.562809	0.600426	0.642401	0.689420	0.742301	0.802025	0.869780	0.947004	1.035457	1.137300	1.255209	1.392518	1.553417	1.743214	1.968697	2.238637	2.564497	2.961461	3.449958	4.057979	4.824745	
0.546000	0.559559	0.597055	0.638896	0.685767	0.738480	0.798016	0.865553	0.942526	1.030685	1.132181	1.249673	1.386479	1.546760	1.735791	1.960313	2.229032	2.553322	2.948246	3.434060	4.038508	4.800462	
0.548000	0.556372	0.593749	0.635459	0.682183	0.734731	0.794079	0.861402	0.938126	1.025994	1.127145	1.244224	1.380529	1.540197	1.728466	1.952032	2.219535	2.542265	2.935160	3.418305	4.019206	4.776381	
0.550000	0.553248	0.590507	0.632088	0.678666	0.731052	0.790214	0.857325	0.933803	1.021382	1.122190	1.238859	1.374666	1.533724	1.721236	1.943850	2.210145	2.531321	2.922199	3.402692	4.000067	4.752498	
0.552000	0.550184	0.587328	0.628780	0.675216	0.727440	0.786419	0.853319	0.929553	1.016846	1.117314	1.233576	1.368889	1.527339	1.714098	1.935765	2.200858	2.520490	2.909360	3.387218	3.981089	4.728810	
0.554000	0.547179	0.584209	0.625535	0.671830	0.723895	0.782693	0.849384	0.925376	1.012385	1.112516	1.228373	1.363194	1.521041	1.707050	1.927776	2.191672	2.509767	2.896642	3.371879	3.962270	4.705313	
0.556000	0.544232	0.581149	0.622351	0.668506	0.720414	0.779033	0.845518	0.921270	1.007997	1.107793	1.223248	1.357581	1.514827	1.700090	1.919879	2.182585	2.499151	2.884041	3.356672	3.943605	4.682004	
0.558000	0.541341	0.578148	0.619227	0.665244	0.716996	0.775438	0.841718	0.917233	1.003680	1.103144	1.218199	1.352046	1.508696	1.693217	1.912073	2.173594	2.488639	2.871555	3.341596	3.925093	4.658881	
0.560000	0.538506	0.575204	0.616161	0.662042	0.713641	0.771906	0.837984	0.913263	0.999432	1.098566	1.213224	1.346588	1.502644	1.686427	1.904355	2.164697	2.478229	2.859181	3.326648	3.906731	4.635940	
0.562000	0.535724	0.572314	0.613152	0.658899	0.710345	0.768437	0.834314	0.909359	0.995253	1.094059	1.208322	1.341206	1.496670	1.679718	1.896723	2.155893	2.467918	2.846918	3.311824	3.888515	4.613179	
0.564000	0.532995	0.569479	0.610198	0.655812	0.707108	0.765028	0.830706	0.905519	0.991139	1.089619	1.203490	1.335896	1.490773	1.673089	1.889175	2.147177	2.457705	2.834762	3.297123	3.870444	4.590594	
0.566000	0.530318	0.566697	0.607299	0.652782	0.703928	0.761677	0.827159	0.901741	0.987090	1.085247	1.198727	1.330658	1.484950	1.666538	1.881709	2.138550	2.447587	2.822711	3.282542	3.852515	4.568184	
0.568000	0.527691	0.563966	0.604453	0.649806	0.700805	0.758385	0.823671	0.898025	0.983104	1.080939	1.194031	1.325489	1.479199	1.660063	1.874324	2.130007	2.437561	2.810763	3.268079	3.834725	4.545944	
0.570000	0.525113	0.561286	0.601659	0.646883	0.697736	0.755149	0.820241	0.894368	0.979180	1.076694	1.189401	1.320389	1.473519	1.653662	1.867016	2.121549	2.427626	2.798917	3.253732	3.817072	4.523873	
0.572000	0.522583	0.558655	0.598915	0.644013	0.694721	0.751968	0.816868	0.890770	0.975315	1.072512	1.184835	1.315354	1.467908	1.647333	1.859785	2.113172	2.417781	2.787170	3.239498	3.799554	4.501968	
0.574000	0.520100	0.556073	0.596221	0.641193	0.691758	0.748840	0.813550	0.887228	0.971509	1.068390	1.180331	1.310385	1.462364	1.641075	1.852628	2.104875	2.408022	2.775520	3.225376	3.782168	4.480226	
0.576000	0.517663	0.553537	0.593575	0.638422	0.688846	0.745765	0.810285	0.883742	0.967760	1.064326	1.175888	1.305478	1.456886	1.634885	1.845544	2.096656	2.398348	2.763964	3.211363	3.764913	4.458646	
0.578000	0.515270	0.551048	0.590977	0.635701	0.685984	0.742741	0.807073	0.880310	0.964066	1.060320	1.171504	1.300633	1.451472	1.628763	1.838531	2.088513	2.388758	2.752502	3.197458	3.747786	4.437225	
0.580000	0.512922	0.548603	0.588424	0.633026	0.683170	0.739767	0.803913	0.876930	0.960427	1.056370	1.167178	1.295847	1.446120	1.622706	1.831588	2.080445	2.379249	2.741132	3.183658	3.730785	4.415960	
0.582000	0.510616	0.546202	0.585917	0.630398	0.680404	0.736842	0.800803	0.873602	0.956842	1.052475	1.162909	1.291121	1.440830	1.616713	1.824712	2.072449	2.369820	2.729851	3.169961	3.713908	4.394850	
0.584000	0.508352	0.543844	0.583454	0.627815	0.677684	0.733965	0.797741	0.870325	0.953307	1.048633	1.158694	1.286451	1.435599	1.610783	1.817903	2.064525	2.360469	2.718657	3.156367	3.697153	4.373891	
0.586000	0.506129	0.541528	0.581033	0.625276	0.675010	0.731133	0.794728	0.867097	0.949824	1.044844	1.154534	1.281838	1.430426	1.604913	1.811158	2.056670	2.351195	2.707550	3.142872	3.680518	4.353083	
0.588000	0.503946	0.539254	0.578655	0.622780	0.672379	0.728348	0.791761	0.863916	0.946389	1.041105	1.150426	1.277278	1.425309	1.599104	1.804477	2.048884	2.341995	2.696527	3.129476	3.664002	4.332423	
0.590000	0.501802	0.537019	0.576318	0.620327	0.669793	0.725607	0.788839	0.860782	0.943003	1.037415	1.146369	1.272772	1.420249	1.593352	1.797857	2.041164	2.332869	2.685588	3.116176	3.647603	4.311909	
0.592000	0.499696	0.534823	0.574021	0.617914	0.667248	0.722909	0.785962	0.857695	0.939664	1.033775	1.142362	1.268318	1.415242	1.587657	1.791298	2.033510	2.323815	2.674729	3.102972	3.631318	4.291539	
0.594000	0.497628	0.532666	0.571763	0.615542	0.664744	0.720253	0.783129	0.854651	0.936371	1.030181	1.138405	1.263914	1.410288	1.582018	1.784797	2.025919	2.314831	2.663951	3.089861	3.615147	4.271312	
0.596000	0.495596	0.530546	0.569543	0.613209	0.662281	0.717639	0.780338	0.851651	0.933122	1.026633	1.134494	1.259560	1.405385	1.576432	1.778355	2.018391	2.305917	2.653251	3.076841	3.599087	4.251225	
0.598000	0.493600	0.528463	0.567361	0.610915	0.659857	0.715065	0.777588	0.848694	0.929918	1.023131	1.130631	1.255254	1.400533	1.570900	1.771969	2.010924	2.297070	2.642628	3.063913	3.583137	4.231276	
0.600000	0.491639	0.526415	0.565216	0.608658	0.657472	0.712531	0.774879	0.845778	0.926756	1.019672	1.126812	1.250995	1.395730	1.565420	1.765638	2.003516	2.288289	2.632080	3.051073	3.567295	4.211464	
0.602000	0.489712	0.524402	0.563107	0.606438	0.655124	0.710035	0.772209	0.842903	0.923635	1.016257	1.123038	1.246782	1.390975	1.559990	1.759361	1.996168	2.279573	2.621607	3.038320	3.551561	4.191788	
0.604000	0.487818	0.522424	0.561032	0.604253	0.652813	0.707576	0.769578	0.840068	0.920555	1.012883	1.119307	1.242614	1.386267	1.554609	1.753137	1.988876	2.270922	2.611207	3.025654	3.535931	4.172244	
0.606000	0.485957	0.520479	0.558992	0.602104	0.650538	0.705155	0.766985	0.837271	0.917515	1.009550	1.115619	1.238489	1.381604	1.549277	1.746964	1.981641	2.262333	2.600879	3.013073	3.520406	4.152833	
0.608000	0.484128	0.518566	0.556985	0.599989	0.648298	0.702769	0.764428	0.834511	0.914514	1.006257	1.111971	1.234408	1.376987	1.543992	1.740842	1.974461	2.253805	2.590621	3.000575	3.504983	4.133552	
0.610000	0.482330	0.516686	0.555011	0.597907	0.646092	0.700418	0.761908	0.831789	0.911551	1.003003	1.108364	1.230368	1.372413	1.538753	1.734769	1.967335	2.245337	2.580432	2.988160	3.489662	4.114400	
0.612000	0.480562	0.514837	0.553068	0.595858	0.643920	0.698102	0.759422	0.829103	0.908624	0.999787	1.104796	1.226369	1.367881	1.533559	1.728745	1.960262	2.236929	2.570311	2.975826	3.474440	4.095374	
0.614000	0.478825	0.513018	0.551157	0.593841	0.641780	0.695819	0.756971	0.826451	0.905734	0.996608	1.101267	1.222410	1.363391	1.528409	1.722768	1.953240	2.228579	2.560258	2.963571	3.459317	4.076475	
0.616000	0.477116	0.511229	0.549277	0.591855	0.639672	0.693569	0.754553	0.823834	0.902879	0.993466	1.097775	1.218490	1.358942	1.523303	1.716838	1.946270	2.220286	2.550270	2.951395	3.444291	4.057699	
0.618000	0.475437	0.509469	0.547426	0.589900	0.637596	0.691351	0.752167	0.821251	0.900058	0.990358	1.094319	1.214607	1.354533	1.518238	1.710952	1.939349	2.212049	2.540348	2.939297	3.429361	4.039047	
0.620000	0.473785	0.507738	0.545604	0.587974	0.635549	0.689164	0.749814	0.818700	0.897271	0.987286	1.090899	1.210762	1.350163	1.513215	1.705111	1.932477	2.203866	2.530489	2.927276	3.414525	4.020515	
0.622000	0.472160	0.506035	0.543811	0.586078	0.633533	0.687007	0.747492	0.816182	0.894516	0.984247	1.087514	1.206953	1.345831	1.508232	1.699314	1.925652	2.195738	2.520693	2.915330	3.399784	4.002104	
0.624000	0.470562	0.504359	0.542046	0.584210	0.631546	0.684880	0.745200	0.813694	0.891794	0.981241	1.084164	1.203180	1.341536	1.503289	1.693559	1.918875	2.187663	2.510958	2.903458	3.385135	3.983812	
0.626000	0.468990	0.502710	0.540308	0.582370	0.629587	0.682782	0.742939	0.811237	0.889103	0.978267	1.080846	1.199441	1.337277	1.498384	1.687846	1.912144	2.179640	2.501285	2.891659	3.370577	3.965637	
0.628000	0.467443	0.501086	0.538597	0.580557	0.627656	0.680713	0.740706	0.808810	0.886442	0.975325	1.077561	1.195736	1.333054	1.493517	1.682174	1.905458	2.171668	2.491672	2.879933	3.356110	3.947578	
0.630000	0.465922	0.499488	0.536912	0.578771	0.625752	0.678671	0.738501	0.806411	0.883811	0.972414	1.074308	1.192064	1.328865	1.488687	1.676542	1.898816	2.163747	2.482117	2.868279	3.341732	3.929634	
0.632000	0.464425	0.497916	0.535252	0.577011	0.623875	0.676657	0.736325	0.804041	0.881210	0.969532	1.071086	1.188424	1.324711	1.483894	1.670949	1.892218	2.155875	2.472621	2.856695	3.327442	3.911804	
0.634000	0.462952	0.496367	0.533617	0.575276	0.622024	0.674669	0.734175	0.801699	0.878637	0.966680	1.067894	1.184816	1.320590	1.479135	1.665395	1.885662	2.148053	2.463182	2.845180	3.313239	3.894087	
0.636000	0.461502	0.494842	0.532006	0.573566	0.620198	0.672707	0.732052	0.799384	0.876091	0.963856	1.064731	1.181239	1.316501	1.474412	1.659878	1.879149	2.140278	2.453800	2.833734	3.299123	3.876481	
0.638000	0.460075	0.493341	0.530419	0.571880	0.618397	0.670770	0.729955	0.797096	0.873573	0.961060	1.061598	1.177692	1.312444	1.469722	1.654399	1.872676	2.132550	2.444473	2.822356	3.285092	3.858985	
0.640000	0.458670	0.491862	0.528856	0.570218	0.616620	0.668858	0.727883	0.794833	0.871081	0.958292	1.058493	1.174174	1.308418	1.465065	1.648955	1.866245	2.124868	2.435201	2.811045	3.271145	3.841599	
0.642000	0.457288	0.490406	0.527315	0.568579	0.614866	0.666970	0.725835	0.792595	0.868616	0.955550	1.055415	1.170685	1.304422	1.460441	1.643547	1.859853	2.117233	2.425983	2.799800	3.257281	3.824320	
0.644000	0.455926	0.488972	0.525796	0.566963	0.613136	0.665105	0.723812	0.790383	0.866175	0.952834	1.052364	1.167225	1.300456	1.455849	1.638174	1.853500	2.109642	2.416819	2.788621	3.243500	3.807148	
0.646000	0.454586	0.487558	0.524299	0.565368	0.611428	0.663264	0.721812	0.788194	0.863759	0.950144	1.049340	1.163792	1.296520	1.451289	1.632836	1.847185	2.102095	2.407707	2.777506	3.229801	3.790083	
0.648000	0.453266	0.486166	0.522823	0.563796	0.609743	0.661445	0.719835	0.786028	0.861368	0.947478	1.046342	1.160386	1.292611	1.446759	1.627531	1.840908	2.094593	2.398648	2.766455	3.216182	3.773122	
0.650000	0.451966	0.484794	0.521369	0.562245	0.608079	0.659648	0.717881	0.783886	0.858999	0.944837	1.043368	1.157006	1.288731	1.442259	1.622258	1.834668	2.087133	2.389639	2.755467	3.202644	3.756265	
0.652000	0.450685	0.483442	0.519934	0.560714	0.606436	0.657873	0.715949	0.781766	0.856654	0.942220	1.040420	1.153652	1.284878	1.437788	1.617019	1.828465	2.079715	2.380681	2.744541	3.189184	3.739512	
0.654000	0.449424	0.482110	0.518519	0.559204	0.604813	0.656119	0.714038	0.779668	0.854332	0.939626	1.037495	1.150323	1.281052	1.433346	1.611810	1.822298	2.072339	2.371773	2.733677	3.175803	3.722860	
0.656000	0.448181	0.480796	0.517124	0.557713	0.603211	0.654385	0.712148	0.777592	0.852031	0.937054	1.034594	1.147019	1.277252	1.428933	1.606634	1.816165	2.065004	2.362915	2.722874	3.162499	3.706309	
0.658000	0.446957	0.479501	0.515747	0.556242	0.601628	0.652671	0.710278	0.775536	0.849752	0.934505	1.031716	1.143738	1.273477	1.424547	1.601487	1.810068	2.057710	2.354105	2.712132	3.149272	3.689858	
0.660000	0.445751	0.478225	0.514390	0.554789	0.600065	0.650977	0.708429	0.773501	0.847494	0.931977	1.028860	1.140482	1.269728	1.420188	1.596371	1.804005	2.050456	2.345343	2.701449	3.136120	3.673507	
0.662000	0.444562	0.476966	0.513050	0.553355	0.598520	0.649302	0.706598	0.771486	0.845256	0.929470	1.026026	1.137248	1.266003	1.415856	1.591285	1.797975	2.043241	2.336629	2.690825	3.123045	3.657254	
0.664000	0.443390	0.475724	0.511728	0.551939	0.596994	0.647645	0.704788	0.769490	0.843038	0.926984	1.023214	1.134038	1.262303	1.411550	1.586227	1.791979	2.036065	2.327961	2.680259	3.110043	3.641098	
0.666000	0.442235	0.474500	0.510423	0.550541	0.595486	0.646007	0.702995	0.767514	0.840840	0.924518	1.020423	1.130849	1.258626	1.407270	1.581198	1.786015	2.028927	2.319340	2.669751	3.097116	3.625039	
0.668000	0.441096	0.473292	0.509135	0.549160	0.593995	0.644387	0.701221	0.765556	0.838661	0.922072	1.017652	1.127682	1.254972	1.403015	1.576197	1.780083	2.021827	2.310765	2.659300	3.084261	3.609075	
0.670000	0.439974	0.472101	0.507864	0.547795	0.592522	0.642784	0.699465	0.763616	0.836501	0.919645	1.014902	1.124536	1.251340	1.398785	1.571224	1.774183	2.014765	2.302236	2.648906	3.071480	3.593207	
0.672000	0.438867	0.470926	0.506609	0.546448	0.591065	0.641198	0.697726	0.761694	0.834359	0.917237	1.012171	1.121411	1.247731	1.394579	1.566278	1.768314	2.007739	2.293751	2.638568	3.058769	3.577432	
0.674000	0.437775	0.469766	0.505370	0.545116	0.589624	0.639629	0.696004	0.759789	0.832235	0.914848	1.009459	1.118306	1.244144	1.390397	1.561358	1.762476	2.000749	2.285310	2.628285	3.046131	3.561751	
0.676000	0.436699	0.468621	0.504146	0.543800	0.588200	0.638076	0.694298	0.757901	0.830128	0.912476	1.006766	1.115221	1.240578	1.386238	1.556465	1.756668	1.993796	2.276913	2.618057	3.033562	3.546162	
0.678000	0.435637	0.467491	0.502938	0.542499	0.586791	0.636540	0.692609	0.756030	0.828038	0.910122	1.004092	1.112155	1.237033	1.382102	1.551598	1.750890	1.986878	2.268559	2.607884	3.021064	3.530665	
0.680000	0.434589	0.466376	0.501744	0.541214	0.585397	0.635018	0.690936	0.754175	0.825965	0.907786	1.001435	1.109109	1.233508	1.377989	1.546756	1.745141	1.979995	2.260249	2.597765	3.008635	3.515258	
0.682000	0.433556	0.465275	0.500565	0.539943	0.584018	0.633512	0.689278	0.752336	0.823908	0.905466	0.998797	1.106081	1.230004	1.373898	1.541939	1.739421	1.973146	2.251980	2.587698	2.996274	3.499942	
0.684000	0.432536	0.464188	0.499400	0.538686	0.582654	0.632020	0.687635	0.750513	0.821867	0.903163	0.996175	1.103071	1.226519	1.369828	1.537146	1.733730	1.966332	2.243754	2.577685	2.983982	3.484715	
0.686000	0.431530	0.463115	0.498249	0.537444	0.581304	0.630544	0.686007	0.748704	0.819842	0.900876	0.993570	1.100080	1.223054	1.365780	1.532378	1.728067	1.959551	2.235569	2.567724	2.971757	3.469577	
0.688000	0.430537	0.462055	0.497111	0.536215	0.579968	0.629081	0.684394	0.746910	0.817832	0.898604	0.990982	1.097106	1.219608	1.361753	1.527634	1.722432	1.952804	2.227426	2.557815	2.959599	3.454527	
0.690000	0.429556	0.461008	0.495986	0.534999	0.578646	0.627632	0.682794	0.745131	0.815836	0.896348	0.988410	1.094149	1.216180	1.357747	1.522913	1.716825	1.946090	2.219323	2.547958	2.947508	3.439565	
0.692000	0.428589	0.459974	0.494875	0.533797	0.577337	0.626196	0.681209	0.743366	0.813855	0.894107	0.985854	1.091209	1.212771	1.353761	1.518215	1.711244	1.939408	2.211260	2.538151	2.935482	3.424689	
0.694000	0.427633	0.458952	0.493776	0.532608	0.576041	0.624774	0.679637	0.741615	0.811889	0.891881	0.983313	1.088286	1.209380	1.349796	1.513541	1.705690	1.932759	2.203237	2.528395	2.923522	3.409898	
0.696000	0.426690	0.457943	0.492689	0.531431	0.574757	0.623365	0.678078	0.739877	0.809936	0.889669	0.980788	1.085379	1.206006	1.345850	1.508888	1.700163	1.926142	2.195254	2.518690	2.911626	3.395193	
0.698000	0.425758	0.456945	0.491614	0.530266	0.573486	0.621968	0.676532	0.738152	0.807997	0.887472	0.978277	1.082488	1.202650	1.341923	1.504258	1.694662	1.919556	2.187310	2.509033	2.899795	3.380573	
0.700000	0.424838	0.455959	0.490551	0.529113	0.572228	0.620584	0.674998	0.736440	0.806071	0.885288	0.975781	1.079612	1.199311	1.338015	1.499650	1.689187	1.913001	2.179405	2.499426	2.888028	3.366036	
0.702000	0.423929	0.454984	0.489500	0.527972	0.570981	0.619212	0.673477	0.734741	0.804158	0.883118	0.973300	1.076752	1.195988	1.334126	1.495064	1.683737	1.906478	2.171538	2.489868	2.876324	3.351583	
0.704000	0.423031	0.454021	0.488460	0.526842	0.569745	0.617851	0.671967	0.733054	0.802258	0.880961	0.970832	1.073906	1.192683	1.330256	1.490498	1.678312	1.899985	2.163709	2.480359	2.864682	3.337212	
0.706000	0.422143	0.453068	0.487431	0.525723	0.568521	0.616502	0.670470	0.731379	0.800370	0.878817	0.968378	1.071076	1.189393	1.326403	1.485954	1.672912	1.893522	2.155918	2.470897	2.853103	3.322924	
0.708000	0.421267	0.452126	0.486413	0.524616	0.567308	0.615164	0.668984	0.729715	0.798495	0.876685	0.965937	1.068260	1.186119	1.322569	1.481430	1.667537	1.887089	2.148165	2.461483	2.841586	3.308716	
0.710000	0.420400	0.451194	0.485405	0.523519	0.566106	0.613838	0.667509	0.728064	0.796631	0.874566	0.963510	1.065458	1.182861	1.318752	1.476927	1.662186	1.880686	2.140448	2.452117	2.830130	3.294590	
0.712000	0.419544	0.450273	0.484407	0.522432	0.564914	0.612521	0.666045	0.726423	0.794779	0.872460	0.961095	1.062670	1.179618	1.314953	1.472444	1.656859	1.874312	2.132768	2.442797	2.818735	3.280544	
0.714000	0.418697	0.449361	0.483420	0.521356	0.563733	0.611216	0.664592	0.724794	0.792938	0.870365	0.958693	1.059895	1.176390	1.311170	1.467981	1.651556	1.867968	2.125125	2.433524	2.807401	3.266577	
0.716000	0.417860	0.448459	0.482442	0.520289	0.562561	0.609920	0.663149	0.723175	0.791108	0.868281	0.956304	1.057134	1.173177	1.307405	1.463537	1.646276	1.861652	2.117518	2.424297	2.796126	3.252689	
0.718000	0.417033	0.447567	0.481474	0.519232	0.561400	0.608635	0.661716	0.721567	0.789290	0.866209	0.953926	1.054387	1.169978	1.303656	1.459113	1.641020	1.855364	2.109947	2.415116	2.784912	3.238880	
0.720000	0.416214	0.446684	0.480516	0.518185	0.560248	0.607360	0.660293	0.719969	0.787482	0.864149	0.951561	1.051652	1.166795	1.299924	1.454708	1.635786	1.849106	2.102411	2.405981	2.773756	3.225148	
0.722000	0.415405	0.445810	0.479566	0.517147	0.559105	0.606093	0.658881	0.718381	0.785684	0.862099	0.949207	1.048930	1.163625	1.296208	1.450322	1.630576	1.842875	2.094911	2.396891	2.762659	3.211494	
0.724000	0.414605	0.444945	0.478626	0.516118	0.557972	0.604837	0.657477	0.716802	0.783896	0.860060	0.946864	1.046220	1.160469	1.292507	1.445955	1.625388	1.836672	2.087445	2.387845	2.751620	3.197916	
0.726000	0.413813	0.444089	0.477694	0.515098	0.556848	0.603589	0.656083	0.715234	0.782119	0.858031	0.944533	1.043523	1.157327	1.288823	1.441606	1.620222	1.830496	2.080015	2.378844	2.740639	3.184415	
0.728000	0.413029	0.443241	0.476771	0.514086	0.555732	0.602351	0.654698	0.713675	0.780351	0.856013	0.942213	1.040838	1.154198	1.285154	1.437276	1.615078	1.824348	2.072619	2.369888	2.729716	3.170989	
0.730000	0.412254	0.442401	0.475856	0.513083	0.554625	0.601121	0.653322	0.712125	0.778593	0.854005	0.939904	1.038164	1.151083	1.281500	1.432963	1.609957	1.818227	2.065257	2.360975	2.718850	3.157639	
0.732000	0.411486	0.441569	0.474950	0.512089	0.553527	0.599899	0.651955	0.710584	0.776844	0.852007	0.937605	1.035502	1.147981	1.277861	1.428669	1.604857	1.812132	2.057928	2.352106	2.708040	3.144363	
0.734000	0.410727	0.440746	0.474051	0.511102	0.552436	0.598686	0.650596	0.709051	0.775104	0.850018	0.935317	1.032852	1.144891	1.274238	1.424392	1.599778	1.806065	2.050634	2.343280	2.697287	3.131161	
0.736000	0.409975	0.439930	0.473160	0.510123	0.551354	0.597481	0.649246	0.707528	0.773374	0.848039	0.933039	1.030213	1.141815	1.270629	1.420133	1.594721	1.800024	2.043373	2.334497	2.686590	3.118032	
0.738000	0.409231	0.439121	0.472277	0.509152	0.550279	0.596284	0.647904	0.706012	0.771652	0.846069	0.930771	1.027585	1.138751	1.267035	1.415891	1.589684	1.794009	2.036145	2.325756	2.675948	3.104977	
0.740000	0.408493	0.438320	0.471401	0.508189	0.549212	0.595095	0.646569	0.704505	0.769938	0.844109	0.928513	1.024969	1.135699	1.263455	1.411666	1.584669	1.788020	2.028951	2.317058	2.665361	3.091994	
0.742000	0.407764	0.437527	0.470533	0.507232	0.548153	0.593913	0.645243	0.703006	0.768233	0.842157	0.926265	1.022362	1.132660	1.259889	1.407458	1.579674	1.782057	2.021789	2.308402	2.654830	3.079083	
0.744000	0.407041	0.436740	0.469671	0.506283	0.547101	0.592739	0.643924	0.701515	0.766537	0.840214	0.924026	1.019767	1.129633	1.256337	1.403267	1.574700	1.776119	2.014659	2.299788	2.644352	3.066244	
0.746000	0.406325	0.435960	0.468817	0.505341	0.546056	0.591572	0.642612	0.700032	0.764848	0.838280	0.921797	1.017182	1.126617	1.252799	1.399092	1.569746	1.770207	2.007562	2.291216	2.633929	3.053476	
0.748000	0.405616	0.435187	0.467969	0.504406	0.545017	0.590412	0.641308	0.698556	0.763167	0.836354	0.919577	1.014607	1.123613	1.249275	1.394934	1.564813	1.764320	2.000497	2.282685	2.623559	3.040778	
0.750000	0.404913	0.434421	0.467128	0.503478	0.543986	0.589259	0.640011	0.697088	0.761495	0.834437	0.917365	1.012042	1.120621	1.245764	1.390792	1.559899	1.758458	1.993463	2.274195	2.613243	3.028150	
0.752000	0.404216	0.433661	0.466294	0.502556	0.542961	0.588113	0.638721	0.695626	0.759829	0.832527	0.915163	1.009487	1.117640	1.242267	1.386667	1.555006	1.752621	1.986461	2.265745	2.602980	3.015592	
0.754000	0.403526	0.432907	0.465466	0.501640	0.541943	0.586973	0.637438	0.694172	0.758171	0.830626	0.912970	1.006942	1.114671	1.238783	1.382557	1.550131	1.746809	1.979491	2.257336	2.592770	3.003103	
0.756000	0.402842	0.432159	0.464644	0.500731	0.540931	0.585840	0.636161	0.692725	0.756521	0.828732	0.910785	1.004407	1.111712	1.235312	1.378463	1.545277	1.741021	1.972552	2.248967	2.582611	2.990683	
0.758000	0.402164	0.431418	0.463828	0.499828	0.539926	0.584713	0.634891	0.691284	0.754877	0.826847	0.908608	1.001881	1.108765	1.231854	1.374385	1.540442	1.735258	1.965644	2.240639	2.572505	2.978331	
0.760000	0.401492	0.430682	0.463018	0.498931	0.538926	0.583593	0.633627	0.689850	0.753241	0.824968	0.906440	0.999364	1.105828	1.228409	1.370322	1.535626	1.729518	1.958767	2.232350	2.562451	2.966046	
0.762000	0.400825	0.429952	0.462213	0.498040	0.537932	0.582478	0.632369	0.688423	0.751612	0.823097	0.904280	0.996857	1.102902	1.224977	1.366275	1.530829	1.723803	1.951920	2.224100	2.552448	2.953829	
0.764000	0.400164	0.429227	0.461415	0.497154	0.536944	0.581369	0.631118	0.687002	0.749989	0.821234	0.902128	0.994359	1.099987	1.221558	1.362243	1.526051	1.718112	1.945104	2.215890	2.542496	2.941679	
0.766000	0.399509	0.428508	0.460621	0.496274	0.535962	0.580267	0.629872	0.685587	0.748373	0.819377	0.899984	0.991870	1.097082	1.218150	1.358227	1.521292	1.712444	1.938318	2.207718	2.532594	2.929595	
0.768000	0.398858	0.427795	0.459834	0.495399	0.534985	0.579169	0.628632	0.684179	0.746763	0.817528	0.897848	0.989390	1.094188	1.214755	1.354225	1.516552	1.706800	1.931562	2.199586	2.522743	2.917578	
0.770000	0.398213	0.427086	0.459051	0.494530	0.534014	0.578078	0.627398	0.682776	0.745160	0.815686	0.895720	0.986918	1.091304	1.211373	1.350238	1.511830	1.701179	1.924836	2.191492	2.512942	2.905625	
0.772000	0.397573	0.426383	0.458274	0.493666	0.533047	0.576991	0.626170	0.681379	0.743563	0.813850	0.893599	0.984455	1.088429	1.208002	1.346266	1.507126	1.695581	1.918139	2.183436	2.503191	2.893738	
0.774000	0.396938	0.425684	0.457501	0.492807	0.532086	0.575910	0.624947	0.679988	0.741972	0.812021	0.891486	0.982001	1.085565	1.204644	1.342309	1.502441	1.690007	1.911473	2.175418	2.493489	2.881916	
0.776000	0.396308	0.424991	0.456734	0.491952	0.531130	0.574834	0.623729	0.678602	0.740387	0.810199	0.889380	0.979555	1.082711	1.201297	1.338366	1.497774	1.684455	1.904835	2.167439	2.483837	2.870158	
0.778000	0.395683	0.424302	0.455971	0.491103	0.530179	0.573763	0.622517	0.677222	0.738808	0.808383	0.887281	0.977118	1.079867	1.197962	1.334438	1.493125	1.678927	1.898227	2.159496	2.474233	2.858464	
0.780000	0.395062	0.423618	0.455213	0.490258	0.529233	0.572697	0.621310	0.675848	0.737235	0.806573	0.885189	0.974688	1.077032	1.194639	1.330524	1.488494	1.673421	1.891647	2.151592	2.464678	2.846833	
0.782000	0.394445	0.422938	0.454460	0.489418	0.528291	0.571636	0.620107	0.674478	0.735667	0.804770	0.883105	0.972267	1.074207	1.191327	1.326625	1.483881	1.667937	1.885097	2.143724	2.455171	2.835265	
0.784000	0.393833	0.422263	0.453710	0.488583	0.527354	0.570580	0.618910	0.673114	0.734105	0.802973	0.881027	0.969854	1.071391	1.188027	1.322739	1.479285	1.662476	1.878575	2.135893	2.445713	2.823760	
0.786000	0.393226	0.421592	0.452966	0.487752	0.526422	0.569528	0.617717	0.671755	0.732549	0.801182	0.878957	0.967449	1.068585	1.184738	1.318868	1.474707	1.657037	1.872082	2.128100	2.436302	2.812317	
0.788000	0.392622	0.420925	0.452225	0.486925	0.525494	0.568481	0.616530	0.670401	0.730998	0.799397	0.876893	0.965052	1.065788	1.181461	1.315010	1.470147	1.651621	1.865617	2.120342	2.426938	2.800936	
0.790000	0.392023	0.420263	0.451489	0.486102	0.524570	0.567438	0.615346	0.669052	0.729452	0.797618	0.874835	0.962662	1.063000	1.178195	1.311167	1.465604	1.646226	1.859180	2.112621	2.417621	2.789616	
0.792000	0.391427	0.419604	0.450757	0.485284	0.523650	0.566399	0.614168	0.667708	0.727912	0.795845	0.872785	0.960280	1.060222	1.174940	1.307337	1.461078	1.640854	1.852772	2.104937	2.408352	2.778358	
0.794000	0.390836	0.418949	0.450028	0.484469	0.522735	0.565365	0.612993	0.666368	0.726377	0.794077	0.870740	0.957906	1.057452	1.171695	1.303520	1.456569	1.635503	1.846391	2.097288	2.399128	2.767160	
0.796000	0.390248	0.418299	0.449304	0.483658	0.521823	0.564334	0.611823	0.665033	0.724846	0.792315	0.868703	0.955539	1.054692	1.168462	1.299718	1.452077	1.630174	1.840038	2.089674	2.389952	2.756022	
0.798000	0.389664	0.417651	0.448583	0.482852	0.520915	0.563308	0.610657	0.663703	0.723321	0.790558	0.866671	0.953180	1.051940	1.165240	1.295929	1.447603	1.624866	1.833712	2.082097	2.380821	2.744945	
